beta0:
0.9258179923074595
mu0:
-10.5328749011
beta1: 
0.9286263380879677
mu1:
-10.5492668541
N, p(N):
0 0.00107163864163
1 0.00107163864163
2 0.00107163864163
3 0.00107163864163
4 0.00107163864163
5 0.00107163864163
6 0.00107163864163
7 0.00107163864163
8 0.00107163864163
9 0.00107163864163
10 0.00107163864163
11 0.00107163864163
12 0.00107163864163
13 0.00107163864163
14 0.00107163864163
15 0.00107163864163
16 0.00107163864163
17 0.00107163864163
18 0.00107163864163
19 0.00107163864163
20 0.00107163864163
21 0.00107163864163
22 0.00107163864163
23 0.00107163864163
24 0.00107163864163
25 0.00107163864163
26 0.00107163864163
27 0.00107163864163
28 0.00107163864163
29 0.00107163864163
30 0.00107163864163
31 0.00107163864163
32 0.00107163864163
33 0.00107163864163
34 0.00107163864163
35 0.00107163864163
36 0.00107163864163
37 0.00107163864163
38 0.00107163864163
39 0.00107163864163
40 0.00107163864163
41 0.00107163864163
42 0.00107163864163
43 0.00107163864163
44 0.00107163864163
45 0.00107163864163
46 0.00107163864163
47 0.00107163864163
48 0.00107163864163
49 0.00107163864163
50 0.00107163864163
51 0.00107163864163
52 0.00107163864163
53 0.00107163864163
54 0.00107163864163
55 0.00107163864163
56 0.00107163864163
57 0.00107163864163
58 0.00107163864163
59 0.00107163864163
60 0.00107163864163
61 0.00107163864163
62 0.00107163864163
63 0.00107163864163
64 0.00107163864163
65 0.00107163864163
66 0.00107163864163
67 0.00107163864163
68 0.00107163864163
69 0.00107163864163
70 0.00107163864163
71 0.00107163864163
72 0.00107163864163
73 0.00107163864163
74 0.00107163864163
75 0.00107163864163
76 0.00107163864163
77 0.00107163864163
78 0.00107163864163
79 0.00107163864163
80 0.00107163864163
81 0.00107163864163
82 0.00107163864163
83 0.00107163864163
84 0.00107163864163
85 0.00107163864163
86 0.00107163864163
87 0.00107163864163
88 0.00107163864163
89 0.00107163864163
90 0.00107163864163
91 0.00107163864163
92 0.00107163864163
93 0.00107163864163
94 0.00107163864163
95 0.00107163864163
96 0.00107163864163
97 0.00107163864163
98 0.00107163864163
99 0.00107163864163
100 0.00107163864163
101 0.00107163864163
102 0.00107163864163
103 0.00107163864163
104 0.00107163864163
105 0.00107163864163
106 0.00107163864163
107 0.00107163864163
108 0.00107163864163
109 0.00107163864163
110 0.00107163864163
111 0.00107163864163
112 0.00107163864163
113 0.00107163864163
114 0.00107163864163
115 0.00107163864163
116 0.00107163864163
117 0.00107163864163
118 0.00107163864163
119 0.00107163864163
120 0.00107163864163
121 0.00107163864163
122 0.00107163864163
123 0.00107163864163
124 0.00107163864163
125 0.00107163864163
126 0.00107163864163
127 0.000984240411415
128 0.000903519591338
129 0.000829354356434
130 0.000761622881742
131 0.000700203342301
132 0.00064497391315
133 0.000595812769328
134 0.000552598085874
135 0.000515208037826
136 0.000483520800224
137 0.000457414548106
138 0.000436767456511
139 0.000421457700479
140 0.000411363455048
141 0.000406362895256
142 0.000406334196144
143 0.000411155532749
144 0.000420705080111
145 0.000434861013268
146 0.00045350150726
147 0.000476504737125
148 0.000503748877902
149 0.00053511210463
150 0.000570472592349
151 0.000609708516096
152 0.000652698050911
153 0.000699319371832
154 0.000749450653899
155 0.00080297007215
156 0.000859755801625
157 0.000919686017362
158 0.0009826388944
159 0.00104849260778
160 0.00111712533253
161 0.00118841524371
162 0.00126224051634
163 0.00133847932547
164 0.00141700984613
165 0.00149771025336
166 0.00158045872221
167 0.00166513342771
168 0.00175161254489
169 0.00183977424881
170 0.0019294967145
171 0.00202065811699
172 0.00211313663132
173 0.00220681043254
174 0.00230155769569
175 0.00239725659579
176 0.00246015785203
177 0.00263770003317
178 0.00261633320578
179 0.00279648941222
180 0.00289417069985
181 0.00298829662508
182 0.00305806794821
183 0.00322750887796
184 0.00326286446881
185 0.00335435159269
186 0.00345535239957
187 0.00361262610403
188 0.00375980349661
189 0.00386919074091
190 0.00400809425096
191 0.00395654224483
192 0.00403172922389
193 0.00410902617617
194 0.00423744891403
195 0.00439729328344
196 0.00445966654007
197 0.00458634367364
198 0.00470214843723
199 0.00480708083085
200 0.00489118271939
201 0.00503468815501
202 0.00508046398276
203 0.00515981894529
204 0.00518055880696
205 0.00524311051737
206 0.00529346122134
207 0.00534276464817
208 0.00538106674064
209 0.0054459195451
210 0.00546590054204
211 0.00547495310708
212 0.00535197423905
213 0.00535178483621
214 0.00538579680737
215 0.00532339658321
216 0.00529879258155
217 0.00531304742694
218 0.00527095966596
219 0.00521777355371
220 0.00509443973681
221 0.00506472619067
222 0.00504472429644
223 0.00502983536731
224 0.00494862179367
225 0.00483002558346
226 0.00465412375663
227 0.00463197447146
228 0.00447707520489
229 0.00438787717992
230 0.00428849792646
231 0.00432165407499
232 0.00421396783256
233 0.00407361586149
234 0.004020213368
235 0.00390240595118
236 0.0037497348362
237 0.00381440327887
238 0.00363909006892
239 0.00365469102313
240 0.00352490810933
241 0.00347681584806
242 0.00337399741464
243 0.00329971358377
244 0.00326601772148
245 0.0033372725919
246 0.00317455131664
247 0.00304343288707
248 0.002885451153
249 0.0028106653697
250 0.00266021004763
251 0.00265268300728
252 0.00256129417607
253 0.0024923816521
254 0.00233504050579
255 0.00216895643675
256 0.0021485673983
257 0.00214107538303
258 0.00196539512127
259 0.00185186567272
260 0.00190443986426
261 0.00189278468922
262 0.0018938321966
263 0.00176598863116
264 0.00163090469509
265 0.00162054644863
266 0.0015151826216
267 0.00152854143435
268 0.001386308376
269 0.00133174882007
270 0.00120491211754
271 0.00122433415805
272 0.00117377233841
273 0.00120359637346
274 0.00118372539665
275 0.00126057902699
276 0.00116397041472
277 0.0012726142771
278 0.00116022006234
279 0.00115277425861
280 0.00115079296241
281 0.0011253639825
282 0.00105467134488
283 0.00111724770193
284 0.00113051330996
285 0.00110781122032
286 0.00105032112988
287 0.000988813918093
288 0.00100335456452
289 0.000930859075623
290 0.00106588879827
291 0.00108590634087
292 0.00110232474266
293 0.00104616046336
294 0.00104592634944
295 0.00112259673741
296 0.00106583223109
297 0.00101174556147
298 0.000978323635522
299 0.000983436396406
300 0.000938184787336
301 0.000923857232304
302 0.000892687587604
303 0.000887692530456
304 0.000858218181814
305 0.000874245115875
306 0.000838380370183
307 0.000805536009195
308 0.000769853301141
309 0.000731332246021
310 0.00067999056168
311 0.000770810631535
312 0.000737928014512
313 0.000702445711761
314 0.00070639312653
315 0.000645783521298
316 0.000610762372427
317 0.000573167021319
318 0.000527155101886
319 0.00053748179253
320 0.000528981895717
321 0.00049370902758
322 0.000438629194988
323 0.000457978637017
324 0.000463578403952
325 0.000503703973615
326 0.000479710181407
327 0.000513457462299
328 0.000552172554725
329 0.000534831617571
330 0.000515580332665
331 0.000488354744917
332 0.000570011837491
333 0.000552258620005
334 0.000524719061778
335 0.000528190050641
336 0.000513796958313
337 0.00054982441833
338 0.000533373925109
339 0.000510358112441
340 0.000495730320476
341 0.000520193179845
342 0.00050316381256
343 0.000515946718539
344 0.000501845536555
345 0.000529977768877
346 0.00050923555107
347 0.000510312106692
348 0.000495536046863
349 0.000477673670209
350 0.000466470275722
351 0.000453789397858
352 0.00043393112459
353 0.000411077490939
354 0.000392956182375
355 0.000436002154803
356 0.000424319006096
357 0.000439138574975
358 0.000454319131759
359 0.000457233048099
360 0.000449702314581
361 0.000440901157402
362 0.000424575783576
363 0.000410933287576
364 0.000399266357025
365 0.000416332766191
366 0.000421873446426
367 0.000431593401772
368 0.000424198636671
369 0.000415633779482
370 0.000414850814857
371 0.000403589514819
372 0.000387839007534
373 0.000378064196447
374 0.000367115074899
375 0.000347688451201
376 0.000335151457866
377 0.000347918793917
378 0.000333240036459
379 0.000318419282689
380 0.000362717345393
381 0.0003487897387
382 0.00033911637474
383 0.000324906952462
384 0.000335685034802
385 0.00032500324471
386 0.000310531938505
387 0.000295052604422
388 0.000296324050244
389 0.000283311267061
390 0.000272005158417
391 0.000257162700859
392 0.000256070018368
393 0.000260328108292
394 0.000248582684252
395 0.000261431802455
396 0.000274293923389
397 0.000259715725557
398 0.000261946327232
399 0.000263973626405
400 0.000279358659813
401 0.00027241874521
402 0.000289705574788
403 0.000281874371881
404 0.000275491114178
405 0.000274216029626
406 0.000266906040153
407 0.000257322566093
408 0.000248694030233
409 0.000248434340536
410 0.000237807430829
411 0.000226776588291
412 0.000216853318516
413 0.000213899967912
414 0.00023142926159
415 0.000221653126383
416 0.000210532142044
417 0.000201951291691
418 0.000207129099812
419 0.000201820996549
420 0.000194084944161
421 0.000201756602587
422 0.000194962831246
423 0.000186210147814
424 0.000200466227153
425 0.000194752864645
426 0.000195143389143
427 0.00018895093549
428 0.00018220490495
429 0.000173400636203
430 0.000170991277734
431 0.00016354380853
432 0.00015952687442
433 0.000164689843786
434 0.00016423889334
435 0.000157205884398
436 0.000149672879288
437 0.000144402093698
438 0.00014644906455
439 0.000138951887536
440 0.000135698379004
441 0.000130215944612
442 0.000128900761535
443 0.000124322921211
444 0.00011683907746
445 0.000118116506334
446 0.000119299813003
447 0.000118386618591
448 0.000120030812238
449 0.000111898685012
450 0.000105632624113
451 0.000103590049555
452 0.000105983978563
453 0.000101119272548
454 0.000100443107997
455 9.31305903998e-05
456 8.73900401949e-05
457 9.13298993029e-05
458 9.26443384486e-05
459 8.75054835629e-05
460 8.20437382183e-05
461 8.31777638547e-05
462 8.10142985816e-05
463 7.22152933319e-05
464 7.64926374328e-05
465 7.52728163556e-05
466 7.42161370223e-05
467 6.96054353819e-05
468 6.47169417122e-05
469 6.82993766291e-05
470 6.68471454368e-05
471 6.9457252087e-05
472 6.53636101088e-05
473 6.10291259287e-05
474 6.299204515e-05
475 5.91285572959e-05
476 5.7374595126e-05
477 5.30496851439e-05
478 5.02228534094e-05
479 4.5656766722e-05
480 4.53600769839e-05
481 4.02534519755e-05
482 4.09690384902e-05
483 4.57652833306e-05
484 4.53361650341e-05
485 4.81843593662e-05
486 5.18957710017e-05
487 4.90043535298e-05
488 4.99345673704e-05
489 4.82262807129e-05
490 4.91278717787e-05
491 4.88522345291e-05
492 4.58721625365e-05
493 4.43794811965e-05
494 4.27166663084e-05
495 4.12390133766e-05
496 4.32707005993e-05
497 4.22174832506e-05
498 4.29092001856e-05
499 4.39828407145e-05
500 4.28560566881e-05
501 4.28453248325e-05
502 3.8198678699e-05
503 3.58059179231e-05
504 3.33631103114e-05
505 3.15658745243e-05
506 3.25934744613e-05
507 3.19208786358e-05
508 3.32200262012e-05
509 3.44136861183e-05
510 3.2832749532e-05
511 2.91628605715e-05
512 2.88749319634e-05
513 2.84200886414e-05
514 2.91105805633e-05
515 2.87767882899e-05
516 3.44009018508e-05
517 3.44157875678e-05
518 3.94102622941e-05
519 3.96234818141e-05
520 4.06435732557e-05
521 4.1183539963e-05
522 4.02054995054e-05
523 4.41458482411e-05
524 4.50225685037e-05
525 4.36702977296e-05
526 4.44886037679e-05
527 4.51643117701e-05
528 4.73620502687e-05
529 4.94884431803e-05
530 4.73937656888e-05
531 4.58786963573e-05
532 4.66780361016e-05
533 4.83452622402e-05
534 4.53552331061e-05
535 4.61900917681e-05
536 4.6519962279e-05
537 4.73921008294e-05
538 4.81106073195e-05
539 4.63236015336e-05
540 4.7217830597e-05
541 4.66262933416e-05
542 4.79013130621e-05
543 4.20003150562e-05
544 4.61392405536e-05
545 4.44776754524e-05
546 4.64049895257e-05
547 4.81525069692e-05
548 4.80742889307e-05
549 4.74348077206e-05
550 4.86572499976e-05
551 5.10469281258e-05
552 4.77008083883e-05
553 4.86366432531e-05
554 5.35457885219e-05
555 5.65079281241e-05
556 5.68955227125e-05
557 5.48209254443e-05
558 5.79183730445e-05
559 5.47611190117e-05
560 5.37400239009e-05
561 5.72408397004e-05
562 6.42390483519e-05
563 6.76215291935e-05
564 7.07687752132e-05
565 7.12198209209e-05
566 7.41529478683e-05
567 7.68455544149e-05
568 7.6805865296e-05
569 7.92769909643e-05
570 7.91105234378e-05
571 7.83187570584e-05
572 8.06108800795e-05
573 8.43507590163e-05
574 8.62950718319e-05
575 8.54514674558e-05
576 9.08204721764e-05
577 8.20442168054e-05
578 7.63413777548e-05
579 7.78154411453e-05
580 8.42340232623e-05
581 7.03645707867e-05
582 7.28186573421e-05
583 7.85525125546e-05
584 8.0988389671e-05
585 8.14992373075e-05
586 8.82881712621e-05
587 9.35709121344e-05
588 9.84979199054e-05
589 0.000103069194575
590 0.000109028145112
591 0.000114714699177
592 0.000113695266463
593 0.000119619317649
594 0.000123446438312
595 0.00012470046931
596 0.000120075658935
597 0.000120261210272
598 0.000109816846003
599 0.000115326762904
600 0.000120416919264
601 0.000127646570672
602 0.000134775147648
603 0.000141753001075
604 0.000147825917885
605 0.000146438782278
606 0.000151141546423
607 0.00015542621874
608 0.000159292799227
609 0.000165683553438
610 0.000166921717534
611 0.000170762533938
612 0.000163541240726
613 0.000167655699962
614 0.000167821211262
615 0.000166420381976
616 0.000152130697998
617 0.000144570668589
618 0.000136959436234
619 0.000140113350119
620 0.000147974892781
621 0.000150918598795
622 0.000137893046231
623 0.000147308724811
624 0.000158414987137
625 0.000166812265359
626 0.000167415342131
627 0.000168581780367
628 0.000176559162679
629 0.000178810700635
630 0.000181733373253
631 0.000185023718912
632 0.000183436623516
633 0.000188845316511
634 0.000189586594831
635 0.000192694900093
636 0.000171399766851
637 0.000163300454696
638 0.000172868582487
639 0.00018772273464
640 0.00019405435207
641 0.000187369389705
642 0.000195804385058
643 0.000181718599775
644 0.000202653665885
645 0.000199514586772
646 0.000195058748419
647 0.000212644530783
648 0.000224018408519
649 0.000246250049409
650 0.000264645041459
651 0.000290229562226
652 0.000309535336497
653 0.000311441192598
654 0.000306560357269
655 0.000326982388639
656 0.00034929852352
657 0.000335916735249
658 0.000360893171481
659 0.000383430816783
660 0.000400502373621
661 0.00039709729992
662 0.000396709354673
663 0.000414059759568
664 0.000432894906236
665 0.000448036513125
666 0.000461945545726
667 0.000477378690977
668 0.000489092838426
669 0.000502225758846
670 0.000496380947168
671 0.000506954031838
672 0.000500393293379
673 0.000510108794659
674 0.000505936822325
675 0.000496321755161
676 0.000519447680933
677 0.000539938487341
678 0.000530135714764
679 0.000541174775923
680 0.000550858334857
681 0.000566844434548
682 0.000578207874308
683 0.000591492732912
684 0.000605841484444
685 0.000582247846966
686 0.000536997224114
687 0.000510857499276
688 0.000528085464581
689 0.00052467531323
690 0.00054067130474
691 0.000521524360953
692 0.000538800523255
693 0.000554355581179
694 0.000573072298856
695 0.000560712200636
696 0.000580632382874
697 0.000611047801841
698 0.000624936190235
699 0.000637098079643
700 0.000651476521732
701 0.00066057198686
702 0.000667948607925
703 0.000633050518291
704 0.000647722012257
705 0.000654717604444
706 0.000659919882468
707 0.000626238386738
708 0.000631717625977
709 0.000571120843523
710 0.000553237104854
711 0.000530276640087
712 0.000544615660692
713 0.00056298784563
714 0.000579637143754
715 0.000609128169123
716 0.000632664707168
717 0.000656565293496
718 0.000672205610588
719 0.000599994350566
720 0.000621063930868
721 0.000655506326921
722 0.000632162538452
723 0.000645150703815
724 0.00065594705305
725 0.000672490610354
726 0.000687140600641
727 0.000650649459448
728 0.000667510429883
729 0.000682237298109
730 0.000643149466508
731 0.000662383775079
732 0.000640156912637
733 0.000658660764463
734 0.000675466043547
735 0.000715806849153
736 0.000745209302055
737 0.00075918957807
738 0.000711289938797
739 0.000731226364903
740 0.000723129056733
741 0.000719618846933
742 0.000765822404189
743 0.00074225996621
744 0.000780481054491
745 0.000821092363937
746 0.000843557368353
747 0.000815970379005
748 0.000793242626186
749 0.000814142725476
750 0.000832566119098
751 0.000783222542257
752 0.0007591076375
753 0.000703819376634
754 0.000564464419153
755 0.000490906676931
756 0.000584874908464
757 0.000551071256708
758 0.000618236850153
759 0.000569434727516
760 0.000662311589264
761 0.000750969706417
762 0.000818634170846
763 0.00088245761967
764 0.000891191465275
765 0.000799343658833
766 0.00074904291491
767 0.000831158818567
768 0.000798909239006
769 0.000904066010124
770 0.00090612285988
771 0.00100895361514
772 0.00109102736319
773 0.00118526017254
774 0.00108706208884
775 0.00117830586443
776 0.00126432969403
777 0.00137187166926
778 0.00145007698839
779 0.00148942348466
780 0.00156526155911
781 0.00143987922566
782 0.001403945331
783 0.00149671844428
784 0.00161870265605
785 0.00161455079175
786 0.00175964250016
787 0.0017727164357
788 0.00184155633854
789 0.00194443058025
790 0.00208407707691
791 0.00217870321998
792 0.00226718074421
793 0.00227211411895
794 0.00239426059997
795 0.00247590416874
796 0.00235533332432
797 0.00237661097297
798 0.00246663802522
799 0.00232131652825
800 0.00231810199027
801 0.0024217918262
802 0.00256282735772
803 0.00265587228212
804 0.00274148246603
805 0.00277314929788
806 0.00282017416573
807 0.00289949719352
808 0.00304913473998
809 0.00294979284627
810 0.00298049466728
811 0.00307708350811
812 0.00316571139013
813 0.00324637831333
814 0.00331908427772
815 0.00338382928329
816 0.00336288196711
817 0.00331732007099
818 0.00321254916981
819 0.00329839474359
820 0.00321252287374
821 0.0033005672164
822 0.00327032233159
823 0.00335696541921
824 0.00343429242723
825 0.00339070765464
826 0.00350775452336
827 0.00350743764043
828 0.00348381376706
829 0.00346647221266
830 0.00353816653333
831 0.00364103675239
832 0.00369681835176
833 0.00368371289486
834 0.00372585244341
835 0.00375797168662
836 0.00378007062447
837 0.00378103518293
838 0.00379629716268
839 0.00384307356196
840 0.00363695820139
841 0.00365427055125
842 0.00364777985871
843 0.00365421040347
844 0.0036501798617
845 0.0035900298468
846 0.00351798270358
847 0.00355073420958
848 0.00347627220548
849 0.00332901954223
850 0.00337895305333
851 0.00341937543725
852 0.00350457881454
853 0.00366870815823
854 0.00378558797953
855 0.00368699898456
856 0.00377234162982
857 0.0037532869641
858 0.00384865355652
859 0.0038221654922
860 0.00378611231484
861 0.00374049402445
862 0.00368531062103
863 0.00367725915672
864 0.00377813261919
865 0.00385351567281
866 0.00379623779368
867 0.00385159463405
868 0.00378850831515
869 0.00380491887673
870 0.00373322391811
871 0.00359723101763
872 0.00351444746322
873 0.00363638274862
874 0.00355736447035
875 0.00347018743402
876 0.00337485163963
877 0.00327135708719
878 0.00322137462642
879 0.00304082884441
880 0.0030798269391
881 0.00311924466524
882 0.00302933080384
883 0.00293178153596
884 0.00299232176221
885 0.00289574922066
886 0.00288633166699
887 0.00284369079314
888 0.00274043573329
889 0.00263016551728
890 0.00251288014512
891 0.00238857961682
892 0.00234288772498
893 0.00221295137384
894 0.00207616609407
895 0.00214933981315
896 0.0020956706103
897 0.00196742280039
898 0.0020857304191
899 0.0020841340713
900 0.00197353927369
901 0.00185737613213
902 0.0017356446466
903 0.00160834481712
904 0.00142709903453
905 0.00138109904074
906 0.00125997145862
907 0.00113331048111
908 0.00122413783753
909 0.0012273991567
910 0.00111811468055
911 0.00111811468055
912 0.00111811468055
913 0.00111811468055
914 0.00111811468055
915 0.00111811468055
916 0.00111811468055
917 0.00111811468055
918 0.00111811468055
919 0.00111811468055
920 0.00111811468055
921 0.00111811468055
922 0.00111811468055
923 0.00111811468055
924 0.00111811468055
925 0.00111811468055
926 0.00111811468055
927 0.00111811468055
928 0.00111811468055
929 0.00111811468055
930 0.00111811468055
931 0.00111811468055
932 0.00111811468055
933 0.00111811468055
934 0.00111811468055
935 0.00111811468055
936 0.00111811468055
937 0.00111811468055
938 0.00111811468055
939 0.00111811468055
940 0.00111811468055
941 0.00111811468055
942 0.00111811468055
943 0.00111811468055
944 0.00111811468055
945 0.00111811468055
946 0.00111811468055
947 0.00111811468055
948 0.00111811468055
949 0.00111811468055
950 0.00111811468055
951 0.00111811468055
952 0.00111811468055
953 0.00111811468055
954 0.00111811468055
955 0.00111811468055
956 0.00111811468055
957 0.00111811468055
958 0.00111811468055
959 0.00111811468055
960 0.00111811468055
961 0.00111811468055
962 0.00111811468055
963 0.00111811468055
964 0.00111811468055
965 0.00111811468055
966 0.00111811468055
967 0.00111811468055
968 0.00111811468055
969 0.00111811468055
970 0.00111811468055
971 0.00111811468055
972 0.00111811468055
973 0.00111811468055
974 0.00111811468055
975 0.00111811468055
976 0.00111811468055
977 0.00111811468055
978 0.00111811468055
979 0.00111811468055
980 0.00111811468055
981 0.00111811468055
982 0.00111811468055
983 0.00111811468055
984 0.00111811468055
985 0.00111811468055
986 0.00111811468055
987 0.00111811468055
988 0.00111811468055
989 0.00111811468055
990 0.00111811468055
991 0.00111811468055
992 0.00111811468055
993 0.00111811468055
994 0.00111811468055
995 0.00111811468055
996 0.00111811468055
997 0.00111811468055
998 0.00111811468055
999 0.00111811468055
1000 0.00111811468055
1001 0.00111811468055
1002 0.00111811468055
1003 0.00111811468055
1004 0.00111811468055
1005 0.00111811468055
1006 0.00111811468055
1007 0.00111811468055
1008 0.00111811468055
1009 0.00111811468055
1010 0.00111811468055
1011 0.00111811468055
1012 0.00111811468055
1013 0.00111811468055
1014 0.00111811468055
1015 0.00111811468055
1016 0.00111811468055
1017 0.00111811468055
1018 0.00111811468055
1019 0.00111811468055
1020 0.00111811468055
1021 0.00111811468055
1022 0.00111811468055
1023 0.00111811468055
1024 0.00111811468055
1025 0.00111811468055
1026 0.00111811468055
1027 0.00111811468055
1028 0.00111811468055
1029 0.00111811468055
1030 0.00111811468055
1031 0.00111811468055
1032 0.00111811468055
1033 0.00111811468055
1034 0.00111811468055
1035 0.00111811468055
1036 0.00111811468055
1037 0.00111811468055
1038 0.00111811468055
1039 0.00111811468055
1040 0.00111811468055
1041 0.00111811468055
1042 0.00111811468055
1043 0.00111811468055
1044 0.00111811468055
1045 0.00111811468055
1046 0.00111811468055
1047 0.00111811468055
1048 0.00111811468055
1049 0.00111811468055
1050 0.00111811468055
1051 0.00111811468055
1052 0.00111811468055
1053 0.00111811468055
1054 0.00111811468055
1055 0.00111811468055
1056 0.00111811468055
1057 0.00111811468055
1058 0.00111811468055
1059 0.00111811468055
1060 0.00111811468055
1061 0.00111811468055
1062 0.00111811468055
1063 0.00111811468055
1064 0.00111811468055
1065 0.00111811468055
1066 0.00111811468055
1067 0.00111811468055
1068 0.00111811468055
1069 0.00111811468055
1070 0.00111811468055
1071 0.00111811468055
1072 0.00111811468055
1073 0.00111811468055
1074 0.00111811468055
1075 0.00111811468055
1076 0.00111811468055
1077 0.00111811468055
1078 0.00111811468055
1079 0.00111811468055
1080 0.00111811468055
1081 0.00111811468055
1082 0.00111811468055
1083 0.00111811468055
1084 0.00111811468055
1085 0.00111811468055
1086 0.00111811468055
1087 0.00111811468055
1088 0.00111811468055
1089 0.00111811468055
1090 0.00111811468055
1091 0.00111811468055
1092 0.00111811468055
1093 0.00111811468055
1094 0.00111811468055
1095 0.00111811468055
1096 0.00111811468055
1097 0.00111811468055
1098 0.00111811468055
1099 0.00111811468055
1100 0.00111811468055
1101 0.00111811468055
1102 0.00111811468055
1103 0.00111811468055
1104 0.00111811468055
1105 0.00111811468055
1106 0.00111811468055
1107 0.00111811468055
1108 0.00111811468055
1109 0.00111811468055
1110 0.00111811468055
1111 0.00111811468055
1112 0.00111811468055
1113 0.00111811468055
1114 0.00111811468055
1115 0.00111811468055
1116 0.00111811468055
1117 0.00111811468055
1118 0.00111811468055
1119 0.00111811468055
1120 0.00111811468055
1121 0.00111811468055
1122 0.00111811468055
1123 0.00111811468055
1124 0.00111811468055
1125 0.00111811468055
1126 0.00111811468055
1127 0.00111811468055
1128 0.00111811468055
1129 0.00111811468055
1130 0.00111811468055
1131 0.00111811468055
1132 0.00111811468055
1133 0.00111811468055
1134 0.00111811468055
1135 0.00111811468055
1136 0.00111811468055
1137 0.00111811468055
1138 0.00111811468055
1139 0.00111811468055
1140 0.00111811468055
1141 0.00111811468055
1142 0.00111811468055
1143 0.00111811468055
1144 0.00111811468055
1145 0.00111811468055
1146 0.00111811468055
1147 0.00111811468055
1148 0.00111811468055
1149 0.00111811468055
1150 0.00111811468055
1151 0.00111811468055
1152 0.00111811468055
1153 0.00111811468055
1154 0.00111811468055
1155 0.00111811468055
1156 0.00111811468055
1157 0.00111811468055
1158 0.00111811468055
1159 0.00111811468055
1160 0.00111811468055
1161 0.00111811468055
1162 0.00111811468055
1163 0.00111811468055
1164 0.00111811468055
1165 0.00111811468055
1166 0.00111811468055
1167 0.00111811468055
1168 0.00111811468055
1169 0.00111811468055
1170 0.00111811468055
1171 0.00111811468055
1172 0.00111811468055
1173 0.00111811468055
1174 0.00111811468055
1175 0.00111811468055
1176 0.00111811468055
1177 0.00111811468055
1178 0.00111811468055
1179 0.00111811468055
1180 0.00111811468055
1181 0.00111811468055
1182 0.00111811468055
1183 0.00111811468055
1184 0.00111811468055
1185 0.00111811468055
1186 0.00111811468055
1187 0.00111811468055
1188 0.00111811468055
1189 0.00111811468055
1190 0.00111811468055
1191 0.00111811468055
1192 0.00111811468055
1193 0.00111811468055
1194 0.00111811468055
1195 0.00111811468055
1196 0.00111811468055
1197 0.00111811468055
1198 0.00111811468055
1199 0.00111811468055
1200 0.00111811468055
1201 0.00111811468055
1202 0.00111811468055
1203 0.00111811468055
1204 0.00111811468055
1205 0.00111811468055
1206 0.00111811468055
1207 0.00111811468055
1208 0.00111811468055
1209 0.00111811468055
1210 0.00111811468055
1211 0.00111811468055
1212 0.00111811468055
1213 0.00111811468055
1214 0.00111811468055
1215 0.00111811468055
1216 0.00111811468055
1217 0.00111811468055
1218 0.00111811468055
1219 0.00111811468055
1220 0.00111811468055
1221 0.00111811468055
1222 0.00111811468055
1223 0.00111811468055
1224 0.00111811468055
1225 0.00111811468055
1226 0.00111811468055
1227 0.00111811468055
1228 0.00111811468055
1229 0.00111811468055
1230 0.00111811468055
1231 0.00111811468055
1232 0.00111811468055
1233 0.00111811468055
1234 0.00111811468055
1235 0.00111811468055
1236 0.00111811468055
1237 0.00111811468055
1238 0.00111811468055
1239 0.00111811468055
1240 0.00111811468055
1241 0.00111811468055
1242 0.00111811468055
1243 0.00111811468055
1244 0.00111811468055
1245 0.00111811468055
1246 0.00111811468055
1247 0.00111811468055
1248 0.00111811468055
1249 0.00111811468055
1250 0.00111811468055
1251 0.00111811468055
1252 0.00111811468055
1253 0.00111811468055
1254 0.00111811468055
1255 0.00111811468055
1256 0.00111811468055
1257 0.00111811468055
1258 0.00111811468055
1259 0.00111811468055
1260 0.00111811468055
1261 0.00111811468055
1262 0.00111811468055
1263 0.00111811468055
1264 0.00111811468055
1265 0.00111811468055
1266 0.00111811468055
1267 0.00111811468055
1268 0.00111811468055
1269 0.00111811468055
1270 0.00111811468055
1271 0.00111811468055
1272 0.00111811468055
1273 0.00111811468055
1274 0.00111811468055
1275 0.00111811468055
1276 0.00111811468055
1277 0.00111811468055
1278 0.00111811468055
1279 0.00111811468055
1280 0.00111811468055
1281 0.00111811468055
1282 0.00111811468055
1283 0.00111811468055
1284 0.00111811468055
1285 0.00111811468055
1286 0.00111811468055
1287 0.00111811468055
1288 0.00111811468055
1289 0.00111811468055
1290 0.00111811468055
1291 0.00111811468055
1292 0.00111811468055
1293 0.00111811468055
1294 0.00111811468055
1295 0.00111811468055
1296 0.00111811468055
1297 0.00111811468055
1298 0.00111811468055
1299 0.00111811468055
1300 0.00111811468055
1301 0.00111811468055
1302 0.00111811468055
1303 0.00111811468055
1304 0.00111811468055
1305 0.00111811468055
1306 0.00111811468055
1307 0.00111811468055
1308 0.00111811468055
1309 0.00111811468055
1310 0.00111811468055
1311 0.00111811468055
1312 0.00111811468055
1313 0.00111811468055
1314 0.00111811468055
1315 0.00111811468055
1316 0.00111811468055
1317 0.00111811468055
1318 0.00111811468055
1319 0.00111811468055
1320 0.00111811468055
1321 0.00111811468055
1322 0.00111811468055
1323 0.00111811468055
1324 0.00111811468055
1325 0.00111811468055
1326 0.00111811468055
1327 0.00111811468055
1328 0.00111811468055
1329 0.00111811468055
1330 0.00111811468055
1331 0.00111811468055
1332 0.00111811468055
1333 0.00111811468055
1334 0.00111811468055
1335 0.00111811468055
1336 0.00111811468055
1337 0.00111811468055
1338 0.00111811468055
1339 0.00111811468055
1340 0.00111811468055
1341 0.00111811468055
1342 0.00111811468055
1343 0.00111811468055
1344 0.00111811468055
1345 0.00111811468055
1346 0.00111811468055
1347 0.00111811468055
1348 0.00111811468055
1349 0.00111811468055
1350 0.00111811468055
1351 0.00111811468055
1352 0.00111811468055
1353 0.00111811468055
1354 0.00111811468055
1355 0.00111811468055
1356 0.00111811468055
1357 0.00111811468055
1358 0.00111811468055
1359 0.00111811468055
1360 0.00111811468055
1361 0.00111811468055
1362 0.00111811468055
1363 0.00111811468055
1364 0.00111811468055
1365 0.00111811468055
1366 0.00111811468055
1367 0.00111811468055
1368 0.00111811468055
1369 0.00111811468055
1370 0.00111811468055
1371 0.00111811468055
1372 0.00111811468055
1373 0.00111811468055
1374 0.00111811468055
1375 0.00111811468055
1376 0.00111811468055
1377 0.00111811468055
1378 0.00111811468055
1379 0.00111811468055
1380 0.00111811468055
1381 0.00111811468055
1382 0.00111811468055
1383 0.00111811468055
1384 0.00111811468055
1385 0.00111811468055
1386 0.00111811468055
1387 0.00111811468055
1388 0.00111811468055
1389 0.00111811468055
1390 0.00111811468055
1391 0.00111811468055
1392 0.00111811468055
1393 0.00111811468055
1394 0.00111811468055
1395 0.00111811468055
1396 0.00111811468055
1397 0.00111811468055
1398 0.00111811468055
1399 0.00111811468055
1400 0.00111811468055
1401 0.00111811468055
1402 0.00111811468055
1403 0.00111811468055
1404 0.00111811468055
1405 0.00111811468055
1406 0.00111811468055
1407 0.00111811468055
1408 0.00111811468055
1409 0.00111811468055
1410 0.00111811468055
1411 0.00111811468055
1412 0.00111811468055
1413 0.00111811468055
1414 0.00111811468055
1415 0.00111811468055
1416 0.00111811468055
1417 0.00111811468055
1418 0.00111811468055
1419 0.00111811468055
1420 0.00111811468055
1421 0.00111811468055
1422 0.00111811468055
1423 0.00111811468055
1424 0.00111811468055
1425 0.00111811468055
1426 0.00111811468055
1427 0.00111811468055
1428 0.00111811468055
1429 0.00111811468055
1430 0.00111811468055
1431 0.00111811468055
1432 0.00111811468055
1433 0.00111811468055
1434 0.00111811468055
1435 0.00111811468055
1436 0.00111811468055
1437 0.00111811468055
1438 0.00111811468055
1439 0.00111811468055
1440 0.00111811468055
1441 0.00111811468055
1442 0.00111811468055
1443 0.00111811468055
1444 0.00111811468055
1445 0.00111811468055
1446 0.00111811468055
1447 0.00111811468055
1448 0.00111811468055
1449 0.00111811468055
1450 0.00111811468055
1451 0.00111811468055
1452 0.00111811468055
1453 0.00111811468055
1454 0.00111811468055
1455 0.00111811468055
1456 0.00111811468055
1457 0.00111811468055
1458 0.00111811468055
1459 0.00111811468055
1460 0.00111811468055
1461 0.00111811468055
1462 0.00111811468055
1463 0.00111811468055
1464 0.00111811468055
1465 0.00111811468055
1466 0.00111811468055
1467 0.00111811468055
1468 0.00111811468055
1469 0.00111811468055
1470 0.00111811468055
1471 0.00111811468055
1472 0.00111811468055
1473 0.00111811468055
1474 0.00111811468055
1475 0.00111811468055
1476 0.00111811468055
1477 0.00111811468055
1478 0.00111811468055
1479 0.00111811468055
1480 0.00111811468055
1481 0.00111811468055
1482 0.00111811468055
1483 0.00111811468055
1484 0.00111811468055
1485 0.00111811468055
1486 0.00111811468055
1487 0.00111811468055
1488 0.00111811468055
1489 0.00111811468055
1490 0.00111811468055
1491 0.00111811468055
1492 0.00111811468055
1493 0.00111811468055
1494 0.00111811468055
1495 0.00111811468055
1496 0.00111811468055
1497 0.00111811468055
1498 0.00111811468055
1499 0.00111811468055
1500 0.00111811468055
1501 0.00111811468055
1502 0.00111811468055
1503 0.00111811468055
1504 0.00111811468055
1505 0.00111811468055
1506 0.00111811468055
1507 0.00111811468055
1508 0.00111811468055
1509 0.00111811468055
1510 0.00111811468055
1511 0.00111811468055
1512 0.00111811468055
1513 0.00111811468055
1514 0.00111811468055
1515 0.00111811468055
1516 0.00111811468055
1517 0.00111811468055
1518 0.00111811468055
1519 0.00111811468055
1520 0.00111811468055
1521 0.00111811468055
1522 0.00111811468055
1523 0.00111811468055
1524 0.00111811468055
1525 0.00111811468055
1526 0.00111811468055
1527 0.00111811468055
1528 0.00111811468055
1529 0.00111811468055
1530 0.00111811468055
1531 0.00111811468055
1532 0.00111811468055
1533 0.00111811468055
1534 0.00111811468055
1535 0.00111811468055
1536 0.00111811468055
1537 0.00111811468055
1538 0.00111811468055
1539 0.00111811468055
1540 0.00111811468055
1541 0.00111811468055
1542 0.00111811468055
1543 0.00111811468055
1544 0.00111811468055
1545 0.00111811468055
1546 0.00111811468055
1547 0.00111811468055
1548 0.00111811468055
1549 0.00111811468055
1550 0.00111811468055
1551 0.00111811468055
1552 0.00111811468055
1553 0.00111811468055
1554 0.00111811468055
1555 0.00111811468055
1556 0.00111811468055
1557 0.00111811468055
1558 0.00111811468055
1559 0.00111811468055
1560 0.00111811468055
1561 0.00111811468055
1562 0.00111811468055
1563 0.00111811468055
1564 0.00111811468055
1565 0.00111811468055
1566 0.00111811468055
1567 0.00111811468055
1568 0.00111811468055
1569 0.00111811468055
1570 0.00111811468055
1571 0.00111811468055
1572 0.00111811468055
1573 0.00111811468055
1574 0.00111811468055
1575 0.00111811468055
1576 0.00111811468055
1577 0.00111811468055
1578 0.00111811468055
1579 0.00111811468055
1580 0.00111811468055
1581 0.00111811468055
1582 0.00111811468055
1583 0.00111811468055
1584 0.00111811468055
1585 0.00111811468055
1586 0.00111811468055
1587 0.00111811468055
1588 0.00111811468055
1589 0.00111811468055
1590 0.00111811468055
1591 0.00111811468055
1592 0.00111811468055
1593 0.00111811468055
1594 0.00111811468055
1595 0.00111811468055
1596 0.00111811468055
1597 0.00111811468055
1598 0.00111811468055
1599 0.00111811468055
1600 0.00111811468055
1601 0.00111811468055
1602 0.00111811468055
1603 0.00111811468055
1604 0.00111811468055
1605 0.00111811468055
1606 0.00111811468055
1607 0.00111811468055
1608 0.00111811468055
1609 0.00111811468055
1610 0.00111811468055
1611 0.00111811468055
1612 0.00111811468055
1613 0.00111811468055
1614 0.00111811468055
1615 0.00111811468055
1616 0.00111811468055
1617 0.00111811468055
1618 0.00111811468055
1619 0.00111811468055
1620 0.00111811468055
1621 0.00111811468055
1622 0.00111811468055
1623 0.00111811468055
1624 0.00111811468055
1625 0.00111811468055
1626 0.00111811468055
1627 0.00111811468055
1628 0.00111811468055
1629 0.00111811468055
1630 0.00111811468055
1631 0.00111811468055
1632 0.00111811468055
1633 0.00111811468055
1634 0.00111811468055
1635 0.00111811468055
1636 0.00111811468055
1637 0.00111811468055
1638 0.00111811468055
1639 0.00111811468055
1640 0.00111811468055
1641 0.00111811468055
1642 0.00111811468055
1643 0.00111811468055
1644 0.00111811468055
1645 0.00111811468055
1646 0.00111811468055
1647 0.00111811468055
1648 0.00111811468055
1649 0.00111811468055
1650 0.00111811468055
1651 0.00111811468055
1652 0.00111811468055
1653 0.00111811468055
1654 0.00111811468055
1655 0.00111811468055
1656 0.00111811468055
1657 0.00111811468055
1658 0.00111811468055
1659 0.00111811468055
1660 0.00111811468055
1661 0.00111811468055
1662 0.00111811468055
1663 0.00111811468055
1664 0.00111811468055
1665 0.00111811468055
1666 0.00111811468055
1667 0.00111811468055
1668 0.00111811468055
1669 0.00111811468055
1670 0.00111811468055
1671 0.00111811468055
1672 0.00111811468055
1673 0.00111811468055
1674 0.00111811468055
1675 0.00111811468055
1676 0.00111811468055
1677 0.00111811468055
1678 0.00111811468055
1679 0.00111811468055
1680 0.00111811468055
1681 0.00111811468055
1682 0.00111811468055
1683 0.00111811468055
1684 0.00111811468055
1685 0.00111811468055
1686 0.00111811468055
1687 0.00111811468055
1688 0.00111811468055
1689 0.00111811468055
1690 0.00111811468055
1691 0.00111811468055
1692 0.00111811468055
1693 0.00111811468055
1694 0.00111811468055
1695 0.00111811468055
1696 0.00111811468055
1697 0.00111811468055
1698 0.00111811468055
1699 0.00111811468055
1700 0.00111811468055
1701 0.00111811468055
1702 0.00111811468055
1703 0.00111811468055
1704 0.00111811468055
1705 0.00111811468055
1706 0.00111811468055
1707 0.00111811468055
1708 0.00111811468055
1709 0.00111811468055
1710 0.00111811468055
1711 0.00111811468055
1712 0.00111811468055
1713 0.00111811468055
1714 0.00111811468055
1715 0.00111811468055
1716 0.00111811468055
1717 0.00111811468055
1718 0.00111811468055
1719 0.00111811468055
1720 0.00111811468055
1721 0.00111811468055
1722 0.00111811468055
1723 0.00111811468055
1724 0.00111811468055
1725 0.00111811468055
1726 0.00111811468055
1727 0.00111811468055
1728 0.00111811468055
1729 0.00111811468055
1730 0.00111811468055
1731 0.00111811468055
1732 0.00111811468055
1733 0.00111811468055
1734 0.00111811468055
1735 0.00111811468055
1736 0.00111811468055
1737 0.00111811468055
1738 0.00111811468055
1739 0.00111811468055
1740 0.00111811468055
1741 0.00111811468055
1742 0.00111811468055
1743 0.00111811468055
1744 0.00111811468055
1745 0.00111811468055
1746 0.00111811468055
1747 0.00111811468055
1748 0.00111811468055
1749 0.00111811468055
1750 0.00111811468055
1751 0.00111811468055
1752 0.00111811468055
1753 0.00111811468055
1754 0.00111811468055
1755 0.00111811468055
1756 0.00111811468055
1757 0.00111811468055
1758 0.00111811468055
1759 0.00111811468055
1760 0.00111811468055
1761 0.00111811468055
1762 0.00111811468055
1763 0.00111811468055
1764 0.00111811468055
1765 0.00111811468055
1766 0.00111811468055
1767 0.00111811468055
1768 0.00111811468055
1769 0.00111811468055
1770 0.00111811468055
1771 0.00111811468055
1772 0.00111811468055
1773 0.00111811468055
1774 0.00111811468055
1775 0.00111811468055
1776 0.00111811468055
1777 0.00111811468055
1778 0.00111811468055
1779 0.00111811468055
1780 0.00111811468055
1781 0.00111811468055
1782 0.00111811468055
1783 0.00111811468055
1784 0.00111811468055
1785 0.00111811468055
1786 0.00111811468055
1787 0.00111811468055
1788 0.00111811468055
1789 0.00111811468055
1790 0.00111811468055
1791 0.00111811468055
1792 0.00111811468055
1793 0.00111811468055
1794 0.00111811468055
1795 0.00111811468055
1796 0.00111811468055
1797 0.00111811468055
1798 0.00111811468055
1799 0.00111811468055
1800 0.00111811468055
1801 0.00111811468055
1802 0.00111811468055
1803 0.00111811468055
1804 0.00111811468055
1805 0.00111811468055
1806 0.00111811468055
1807 0.00111811468055
1808 0.00111811468055
1809 0.00111811468055
1810 0.00111811468055
1811 0.00111811468055
1812 0.00111811468055
1813 0.00111811468055
1814 0.00111811468055
1815 0.00111811468055
1816 0.00111811468055
1817 0.00111811468055
1818 0.00111811468055
1819 0.00111811468055
1820 0.00111811468055
1821 0.00111811468055
1822 0.00111811468055
1823 0.00111811468055
1824 0.00111811468055
1825 0.00111811468055
1826 0.00111811468055
1827 0.00111811468055
1828 0.00111811468055
1829 0.00111811468055
1830 0.00111811468055
1831 0.00111811468055
1832 0.00111811468055
1833 0.00111811468055
1834 0.00111811468055
1835 0.00111811468055
1836 0.00111811468055
1837 0.00111811468055
1838 0.00111811468055
1839 0.00111811468055
1840 0.00111811468055
1841 0.00111811468055
1842 0.00111811468055
1843 0.00111811468055
1844 0.00111811468055
1845 0.00111811468055
1846 0.00111811468055
1847 0.00111811468055
1848 0.00111811468055
1849 0.00111811468055
1850 0.00111811468055
1851 0.00111811468055
1852 0.00111811468055
1853 0.00111811468055
1854 0.00111811468055
1855 0.00111811468055
1856 0.00111811468055
1857 0.00111811468055
1858 0.00111811468055
1859 0.00111811468055
1860 0.00111811468055
1861 0.00111811468055
1862 0.00111811468055
1863 0.00111811468055
1864 0.00111811468055
1865 0.00111811468055
1866 0.00111811468055
1867 0.00111811468055
1868 0.00111811468055
1869 0.00111811468055
1870 0.00111811468055
1871 0.00111811468055
1872 0.00111811468055
1873 0.00111811468055
1874 0.00111811468055
1875 0.00111811468055
1876 0.00111811468055
1877 0.00111811468055
1878 0.00111811468055
1879 0.00111811468055
1880 0.00111811468055
1881 0.00111811468055
1882 0.00111811468055
1883 0.00111811468055
1884 0.00111811468055
1885 0.00111811468055
1886 0.00111811468055
1887 0.00111811468055
1888 0.00111811468055
1889 0.00111811468055
1890 0.00111811468055
1891 0.00111811468055
1892 0.00111811468055
1893 0.00111811468055
1894 0.00111811468055
1895 0.00111811468055
1896 0.00111811468055
1897 0.00111811468055
1898 0.00111811468055
1899 0.00111811468055
1900 0.00111811468055
1901 0.00111811468055
1902 0.00111811468055
1903 0.00111811468055
1904 0.00111811468055
1905 0.00111811468055
1906 0.00111811468055
1907 0.00111811468055
1908 0.00111811468055
1909 0.00111811468055
1910 0.00111811468055
1911 0.00111811468055
1912 0.00111811468055
1913 0.00111811468055
1914 0.00111811468055
1915 0.00111811468055
1916 0.00111811468055
1917 0.00111811468055
1918 0.00111811468055
1919 0.00111811468055
1920 0.00111811468055
1921 0.00111811468055
1922 0.00111811468055
1923 0.00111811468055
1924 0.00111811468055
1925 0.00111811468055
1926 0.00111811468055
1927 0.00111811468055
1928 0.00111811468055
1929 0.00111811468055
1930 0.00111811468055
1931 0.00111811468055
1932 0.00111811468055
1933 0.00111811468055
1934 0.00111811468055
1935 0.00111811468055
1936 0.00111811468055
1937 0.00111811468055
1938 0.00111811468055
1939 0.00111811468055
1940 0.00111811468055
1941 0.00111811468055
1942 0.00111811468055
1943 0.00111811468055
1944 0.00111811468055
1945 0.00111811468055
1946 0.00111811468055
1947 0.00111811468055
1948 0.00111811468055
1949 0.00111811468055
1950 0.00111811468055
1951 0.00111811468055
1952 0.00111811468055
1953 0.00111811468055
1954 0.00111811468055
1955 0.00111811468055
1956 0.00111811468055
1957 0.00111811468055
1958 0.00111811468055
1959 0.00111811468055
1960 0.00111811468055
1961 0.00111811468055
1962 0.00111811468055
1963 0.00111811468055
1964 0.00111811468055
1965 0.00111811468055
1966 0.00111811468055
1967 0.00111811468055
1968 0.00111811468055
1969 0.00111811468055
1970 0.00111811468055
1971 0.00111811468055
1972 0.00111811468055
1973 0.00111811468055
1974 0.00111811468055
1975 0.00111811468055
1976 0.00111811468055
1977 0.00111811468055
1978 0.00111811468055
1979 0.00111811468055
1980 0.00111811468055
1981 0.00111811468055
1982 0.00111811468055
1983 0.00111811468055
1984 0.00111811468055
1985 0.00111811468055
1986 0.00111811468055
1987 0.00111811468055
1988 0.00111811468055
1989 0.00111811468055
1990 0.00111811468055
1991 0.00111811468055
1992 0.00111811468055
1993 0.00111811468055
1994 0.00111811468055
1995 0.00111811468055
1996 0.00111811468055
1997 0.00111811468055
1998 0.00111811468055
1999 0.00111811468055
2000 0.00111811468055
2001 0.00111811468055
2002 0.00111811468055
2003 0.00111811468055
2004 0.00111811468055
2005 0.00111811468055
2006 0.00111811468055
2007 0.00111811468055
2008 0.00111811468055
2009 0.00111811468055
2010 0.00111811468055
2011 0.00111811468055
2012 0.00111811468055
2013 0.00111811468055
2014 0.00111811468055
2015 0.00111811468055
2016 0.00111811468055
2017 0.00111811468055
2018 0.00111811468055
2019 0.00111811468055
2020 0.00111811468055
2021 0.00111811468055
2022 0.00111811468055
2023 0.00111811468055
2024 0.00111811468055
2025 0.00111811468055
2026 0.00111811468055
2027 0.00111811468055
2028 0.00111811468055
2029 0.00111811468055
2030 0.00111811468055
2031 0.00111811468055
2032 0.00111811468055
2033 0.00111811468055
2034 0.00111811468055
2035 0.00111811468055
2036 0.00111811468055
2037 0.00111811468055
2038 0.00111811468055
2039 0.00111811468055
2040 0.00111811468055
2041 0.00111811468055
2042 0.00111811468055
2043 0.00111811468055
2044 0.00111811468055
2045 0.00111811468055
2046 0.00111811468055
2047 0.00111811468055
2048 0.00111811468055
2049 0.00111811468055
2050 0.00111811468055
2051 0.00111811468055
2052 0.00111811468055
2053 0.00111811468055
2054 0.00111811468055
2055 0.00111811468055
2056 0.00111811468055
2057 0.00111811468055
2058 0.00111811468055
2059 0.00111811468055
2060 0.00111811468055
2061 0.00111811468055
2062 0.00111811468055
2063 0.00111811468055
2064 0.00111811468055
2065 0.00111811468055
2066 0.00111811468055
2067 0.00111811468055
2068 0.00111811468055
2069 0.00111811468055
2070 0.00111811468055
2071 0.00111811468055
2072 0.00111811468055
2073 0.00111811468055
2074 0.00111811468055
2075 0.00111811468055
2076 0.00111811468055
2077 0.00111811468055
2078 0.00111811468055
2079 0.00111811468055
2080 0.00111811468055
2081 0.00111811468055
2082 0.00111811468055
2083 0.00111811468055
2084 0.00111811468055
2085 0.00111811468055
2086 0.00111811468055
2087 0.00111811468055
2088 0.00111811468055
2089 0.00111811468055
2090 0.00111811468055
2091 0.00111811468055
2092 0.00111811468055
2093 0.00111811468055
2094 0.00111811468055
2095 0.00111811468055
2096 0.00111811468055
2097 0.00111811468055
2098 0.00111811468055
2099 0.00111811468055
2100 0.00111811468055
2101 0.00111811468055
2102 0.00111811468055
2103 0.00111811468055
2104 0.00111811468055
2105 0.00111811468055
2106 0.00111811468055
2107 0.00111811468055
2108 0.00111811468055
2109 0.00111811468055
2110 0.00111811468055
2111 0.00111811468055
2112 0.00111811468055
2113 0.00111811468055
2114 0.00111811468055
2115 0.00111811468055
2116 0.00111811468055
2117 0.00111811468055
2118 0.00111811468055
2119 0.00111811468055
2120 0.00111811468055
2121 0.00111811468055
2122 0.00111811468055
2123 0.00111811468055
2124 0.00111811468055
2125 0.00111811468055
2126 0.00111811468055
2127 0.00111811468055
2128 0.00111811468055
2129 0.00111811468055
2130 0.00111811468055
2131 0.00111811468055
2132 0.00111811468055
2133 0.00111811468055
2134 0.00111811468055
2135 0.00111811468055
2136 0.00111811468055
2137 0.00111811468055
2138 0.00111811468055
2139 0.00111811468055
2140 0.00111811468055
2141 0.00111811468055
2142 0.00111811468055
2143 0.00111811468055
2144 0.00111811468055
2145 0.00111811468055
2146 0.00111811468055
2147 0.00111811468055
2148 0.00111811468055
2149 0.00111811468055
2150 0.00111811468055
2151 0.00111811468055
2152 0.00111811468055
2153 0.00111811468055
2154 0.00111811468055
2155 0.00111811468055
2156 0.00111811468055
2157 0.00111811468055
2158 0.00111811468055
2159 0.00111811468055
2160 0.00111811468055
2161 0.00111811468055
2162 0.00111811468055
2163 0.00111811468055
2164 0.00111811468055
2165 0.00111811468055
2166 0.00111811468055
2167 0.00111811468055
2168 0.00111811468055
2169 0.00111811468055
2170 0.00111811468055
2171 0.00111811468055
2172 0.00111811468055
2173 0.00111811468055
2174 0.00111811468055
2175 0.00111811468055
2176 0.00111811468055
2177 0.00111811468055
2178 0.00111811468055
2179 0.00111811468055
2180 0.00111811468055
2181 0.00111811468055
2182 0.00111811468055
2183 0.00111811468055
2184 0.00111811468055
2185 0.00111811468055
2186 0.00111811468055
2187 0.00111811468055
2188 0.00111811468055
2189 0.00111811468055
2190 0.00111811468055
2191 0.00111811468055
2192 0.00111811468055
2193 0.00111811468055
2194 0.00111811468055
2195 0.00111811468055
2196 0.00111811468055
2197 0.00111811468055
2198 0.00111811468055
2199 0.00111811468055
2200 0.00111811468055
2201 0.00111811468055
2202 0.00111811468055
2203 0.00111811468055
2204 0.00111811468055
2205 0.00111811468055
2206 0.00111811468055
2207 0.00111811468055
2208 0.00111811468055
2209 0.00111811468055
2210 0.00111811468055
2211 0.00111811468055
2212 0.00111811468055
2213 0.00111811468055
2214 0.00111811468055
2215 0.00111811468055
2216 0.00111811468055
2217 0.00111811468055
2218 0.00111811468055
2219 0.00111811468055
2220 0.00111811468055
2221 0.00111811468055
2222 0.00111811468055
2223 0.00111811468055
2224 0.00111811468055
2225 0.00111811468055
2226 0.00111811468055
2227 0.00111811468055
2228 0.00111811468055
2229 0.00111811468055
2230 0.00111811468055
2231 0.00111811468055
2232 0.00111811468055
2233 0.00111811468055
2234 0.00111811468055
2235 0.00111811468055
2236 0.00111811468055
2237 0.00111811468055
2238 0.00111811468055
2239 0.00111811468055
2240 0.00111811468055
2241 0.00111811468055
2242 0.00111811468055
2243 0.00111811468055
2244 0.00111811468055
2245 0.00111811468055
2246 0.00111811468055
2247 0.00111811468055
2248 0.00111811468055
2249 0.00111811468055
2250 0.00111811468055
