beta0:
0.7692846091008065
mu0:
-6.59511627261
beta1: 
0.7716181316764409
mu1:
-6.61660193019
N, p(N):
0 0.00101832659895
1 0.00101832659895
2 0.00101832659895
3 0.00101832659895
4 0.00101832659895
5 0.00101832659895
6 0.00101832659895
7 0.00101832659895
8 0.00101832659895
9 0.00101832659895
10 0.00101832659895
11 0.00101832659895
12 0.00101832659895
13 0.00101832659895
14 0.00101832659895
15 0.00101832659895
16 0.00101832659895
17 0.00101832659895
18 0.00101832659895
19 0.00101832659895
20 0.00101832659895
21 0.00101832659895
22 0.00101832659895
23 0.00101832659895
24 0.00101832659895
25 0.00101832659895
26 0.00101832659895
27 0.00101832659895
28 0.00101832659895
29 0.00101832659895
30 0.00101832659895
31 0.00101832659895
32 0.00101832659895
33 0.00101832659895
34 0.00101832659895
35 0.00101832659895
36 0.00101832659895
37 0.00101832659895
38 0.00101832659895
39 0.00101832659895
40 0.00101832659895
41 0.00101832659895
42 0.00101832659895
43 0.00101832659895
44 0.00101832659895
45 0.00101832659895
46 0.00101832659895
47 0.00101832659895
48 0.00101832659895
49 0.00101832659895
50 0.00101832659895
51 0.00101832659895
52 0.00101832659895
53 0.00101832659895
54 0.00101832659895
55 0.00101832659895
56 0.00101832659895
57 0.00101832659895
58 0.00101832659895
59 0.00101832659895
60 0.00101832659895
61 0.00101832659895
62 0.00101832659895
63 0.00101832659895
64 0.00101832659895
65 0.00101832659895
66 0.00101832659895
67 0.00101832659895
68 0.00101832659895
69 0.00101832659895
70 0.00101832659895
71 0.00101832659895
72 0.00101832659895
73 0.00101832659895
74 0.00101832659895
75 0.00101832659895
76 0.00101832659895
77 0.00101832659895
78 0.00101832659895
79 0.00101832659895
80 0.00101832659895
81 0.00101832659895
82 0.00101832659895
83 0.00101832659895
84 0.00101832659895
85 0.00101832659895
86 0.00101832659895
87 0.00101832659895
88 0.00101832659895
89 0.00101832659895
90 0.00101832659895
91 0.00101832659895
92 0.00101832659895
93 0.00101832659895
94 0.00101832659895
95 0.00101832659895
96 0.00101832659895
97 0.00101832659895
98 0.00101832659895
99 0.00101832659895
100 0.00101832659895
101 0.00101832659895
102 0.00101832659895
103 0.00101832659895
104 0.00101832659895
105 0.00108247588444
106 0.00114993541092
107 0.00122050441215
108 0.00129398212189
109 0.0013701677739
110 0.00144886060195
111 0.00152985983979
112 0.0016129647212
113 0.00169797447993
114 0.00178468834974
115 0.0018729055644
116 0.00196242535767
117 0.00205304696331
118 0.00214456961509
119 0.00223679254676
120 0.00232951499209
121 0.00242253618485
122 0.00251565535879
123 0.00260867174767
124 0.00270138458527
125 0.00279359310533
126 0.00288509654163
127 0.00297569412793
128 0.00306518509799
129 0.00315336868556
130 0.00324004412443
131 0.00332501064833
132 0.00340806749105
133 0.00348901388634
134 0.00356764906796
135 0.00364377226967
136 0.00371718272525
137 0.0038160755646
138 0.00380105262012
139 0.00385007196806
140 0.00389130103139
141 0.00392473981012
142 0.00387139403334
143 0.00383671070897
144 0.00386116776168
145 0.00385660650449
146 0.00381538414107
147 0.00369213006474
148 0.00365107300558
149 0.00356176935954
150 0.00358658820326
151 0.00356877113692
152 0.00362549348831
153 0.00363730886446
154 0.00369544355727
155 0.00363182935796
156 0.00368201289025
157 0.00372476191671
158 0.00372643343762
159 0.00371918115496
160 0.00369382616896
161 0.0036523918661
162 0.00368508979471
163 0.00361869262128
164 0.00349385148497
165 0.00342974206791
166 0.00337008189455
167 0.0033910154766
168 0.00336399483584
169 0.00323539117823
170 0.0031564800116
171 0.00301356194105
172 0.00297299890607
173 0.00292251066495
174 0.0028740261901
175 0.00292947068366
176 0.00283603081504
177 0.00274162340623
178 0.00268001874726
179 0.00268718913115
180 0.00260640251304
181 0.00272511676997
182 0.00274794686712
183 0.00275142029484
184 0.00274550726934
185 0.00267287731896
186 0.00265112039622
187 0.00259908048424
188 0.00256940528955
189 0.00258036712972
190 0.00253268117982
191 0.00245236604414
192 0.00246796694621
193 0.00238468338943
194 0.00229881133015
195 0.00222856333357
196 0.00213632885393
197 0.0021919633659
198 0.0022169013446
199 0.00239847517359
200 0.00235530698958
201 0.00245426031387
202 0.00257055495239
203 0.00259594396973
204 0.0026196863409
205 0.00257412358106
206 0.00271708452225
207 0.00285205089928
208 0.00281539601958
209 0.00277089321406
210 0.0028039510824
211 0.00275899239305
212 0.00271256052677
213 0.00267764702336
214 0.00269226537232
215 0.00265323903449
216 0.00265652214928
217 0.00261621394077
218 0.00263081068212
219 0.00258956819747
220 0.00247202041076
221 0.0024499147463
222 0.00249294775208
223 0.00245852119262
224 0.00240153032446
225 0.00235606240162
226 0.0024648830941
227 0.00240952959869
228 0.00242665760356
229 0.00237185470804
230 0.00229930207178
231 0.00224933543272
232 0.0022643073375
233 0.00220914671342
234 0.00214804575343
235 0.0020594128117
236 0.0019179745233
237 0.00190626868893
238 0.00182554075116
239 0.00174253891336
240 0.00164491937419
241 0.00165199702272
242 0.00160774453366
243 0.00151623572496
244 0.00150964880536
245 0.00149978587805
246 0.00156832350786
247 0.00156444502613
248 0.00162497778618
249 0.00155885256581
250 0.00157929706788
251 0.0015143288857
252 0.00152416445094
253 0.00146704849445
254 0.00147848066608
255 0.0014213899167
256 0.00135310055616
257 0.00127684133207
258 0.00120129436333
259 0.00118202301922
260 0.00122322593024
261 0.00114688391744
262 0.00113076796374
263 0.00116838867153
264 0.00114714985693
265 0.00112413213051
266 0.00107218784682
267 0.000990680479722
268 0.00102238532859
269 0.00101294499654
270 0.00107008566867
271 0.00102962955035
272 0.00097807664137
273 0.00101772542592
274 0.000973056963491
275 0.000978202459499
276 0.000964219642092
277 0.000925627239965
278 0.000923690120366
279 0.000962579254309
280 0.000926869333144
281 0.000882266731984
282 0.000823452086466
283 0.000865463889858
284 0.000843536308618
285 0.000846921972309
286 0.000801307941144
287 0.000795087921793
288 0.000759355553337
289 0.000772458401688
290 0.000832113899865
291 0.000799185072846
292 0.000800321504578
293 0.000770517682801
294 0.000835400061707
295 0.000840751961021
296 0.000853477750367
297 0.000836768498039
298 0.000817853264576
299 0.000796732049976
300 0.00077340485424
301 0.000743324186287
302 0.000729740991899
303 0.000725168626276
304 0.000712796702854
305 0.000679194705972
306 0.000649936638448
307 0.000638272599101
308 0.000624448208295
309 0.000613043281715
310 0.000603714341225
311 0.000583525786216
312 0.000548264909712
313 0.000529130377478
314 0.000494576910847
315 0.000501217435
316 0.000466110834225
317 0.000462785132309
318 0.000432706276671
319 0.000478122300624
320 0.000507149243747
321 0.000498783302838
322 0.000470255871955
323 0.000457141894893
324 0.000432697257208
325 0.000406559184666
326 0.000399451726114
327 0.000405743984233
328 0.000399585562953
329 0.000402498699163
330 0.000377469700317
331 0.000353545689905
332 0.000333245270792
333 0.000306343117734
334 0.000307551829408
335 0.000363970085272
336 0.000364105163009
337 0.00035875612646
338 0.000352490859924
339 0.00035172644051
340 0.000334819955537
341 0.000349350796307
342 0.000352414153417
343 0.000335846475193
344 0.000316599182046
345 0.000312381912917
346 0.000314196660148
347 0.00030791911547
348 0.000311970172586
349 0.000299178985383
350 0.000296900204945
351 0.000293534044886
352 0.00028602788799
353 0.000281798644044
354 0.00027085817201
355 0.00026667925477
356 0.000269993138139
357 0.000263786285763
358 0.000247220129469
359 0.000238768618174
360 0.000235562672412
361 0.00023427102172
362 0.000243215012864
363 0.00025687516967
364 0.000260688316215
365 0.000249064417844
366 0.000264677584973
367 0.000268712615542
368 0.00027332990631
369 0.000273383078714
370 0.000270592049444
371 0.000269043089087
372 0.000276352772737
373 0.000269392463196
374 0.000267779179047
375 0.000276952552063
376 0.000272906201409
377 0.000266012826803
378 0.00026514364733
379 0.000259935185043
380 0.000261459275393
381 0.000274891854551
382 0.000273563925679
383 0.000281443303521
384 0.00028400716321
385 0.000285650900818
386 0.000278165237758
387 0.000266035761738
388 0.000275136019908
389 0.000273381961849
390 0.000272909469997
391 0.000273808273919
392 0.000301843240077
393 0.000304295957152
394 0.000311611538381
395 0.000314177335059
396 0.000315937306399
397 0.0003168914524
398 0.00031413946705
399 0.000306473987491
400 0.000307203786989
401 0.000308901136453
402 0.000304831883495
403 0.000304242032205
404 0.000304584954066
405 0.00030345736393
406 0.000297038834327
407 0.000300608119304
408 0.000286375545577
409 0.000284179530415
410 0.000289441902352
411 0.000291825765372
412 0.000297460304853
413 0.000298235354108
414 0.000290379120192
415 0.00028376387963
416 0.000274711751161
417 0.000271877812671
418 0.000259972303054
419 0.00025812887493
420 0.000246889736037
421 0.000247175071993
422 0.00024409763918
423 0.000246734607296
424 0.000254491506494
425 0.000249619262712
426 0.000245928924284
427 0.000246409523303
428 0.00024563668032
429 0.000252729119322
430 0.000257577960147
431 0.000252429055409
432 0.000257138277774
433 0.000251425288884
434 0.000244293290832
435 0.000237887170733
436 0.000236491936405
437 0.000239181891141
438 0.000247845150959
439 0.000235720134714
440 0.000245847713539
441 0.000253377617958
442 0.00025584767622
443 0.000262685490569
444 0.000257388919855
445 0.000263634010666
446 0.000265984826298
447 0.00026017881235
448 0.000267550401082
449 0.000261570331649
450 0.000256595570149
451 0.00025949608191
452 0.000257101599368
453 0.000264462721452
454 0.000262882337663
455 0.000266286581877
456 0.000253245613939
457 0.000256587698985
458 0.000261986185867
459 0.000266082224534
460 0.000264908421892
461 0.000252946532365
462 0.000258122434872
463 0.000260903175855
464 0.000271949029044
465 0.000283387362864
466 0.000285031591882
467 0.00029000654345
468 0.000282141188266
469 0.000287417987657
470 0.000281165986985
471 0.000290589537044
472 0.000290950283762
473 0.000290487390334
474 0.000295133402313
475 0.000305520660615
476 0.000317701588874
477 0.000319036174865
478 0.000319552838275
479 0.000328638997472
480 0.000332096387236
481 0.000316867938095
482 0.000301856738059
483 0.000302440502091
484 0.000322289695885
485 0.000339645795768
486 0.00036177741985
487 0.000374144933027
488 0.000385389209865
489 0.000382815464337
490 0.000372579879616
491 0.00037254883925
492 0.000371891398435
493 0.000388578811622
494 0.00037309959689
495 0.000384187570689
496 0.000394050148368
497 0.000405895980328
498 0.000395250512494
499 0.000393889701196
500 0.000392179442678
501 0.000396554330819
502 0.000391863543601
503 0.000409571085005
504 0.000421212089946
505 0.000436433032128
506 0.000431549068186
507 0.000442163375847
508 0.000452836952513
509 0.000446823030643
510 0.000445154836374
511 0.000438619693147
512 0.000436691279419
513 0.000450451059851
514 0.000466977910583
515 0.000468670985529
516 0.000477664542819
517 0.000467051939806
518 0.000469830835487
519 0.000496653758457
520 0.000516123875287
521 0.000541893532618
522 0.000556793841481
523 0.000549192973975
524 0.000549467349835
525 0.000546378877908
526 0.000540897556723
527 0.000514448601728
528 0.000508526385812
529 0.000474271408913
530 0.000475365972666
531 0.000495655736484
532 0.000495589342491
533 0.000521119587564
534 0.000506289152512
535 0.000486313458628
536 0.000510439536757
537 0.000509714298801
538 0.000549098432559
539 0.000551621898249
540 0.000573587373985
541 0.000573926088232
542 0.000601889166517
543 0.000639635081031
544 0.000659084724347
545 0.00067643998806
546 0.000684081886963
547 0.000676702645146
548 0.0007044111899
549 0.00073351490683
550 0.000747649115539
551 0.000740734099405
552 0.000702587218786
553 0.000730023614763
554 0.000655884143827
555 0.000703308147534
556 0.000738726781542
557 0.000676065777367
558 0.000711915803842
559 0.000745842851803
560 0.000751758205442
561 0.000780422132597
562 0.000736848461053
563 0.000769558116293
564 0.000761919129724
565 0.000779790566847
566 0.000811673549827
567 0.000859184067457
568 0.000887182231851
569 0.000931591444363
570 0.000955849824762
571 0.000995356440208
572 0.00102405586137
573 0.00105173972181
574 0.00106845399026
575 0.00105440554393
576 0.00107836480325
577 0.00110099285162
578 0.00107367627973
579 0.00103560692619
580 0.00107443531345
581 0.00111749023256
582 0.00110136587536
583 0.00111913741464
584 0.00113402136277
585 0.00110205106841
586 0.000947728398566
587 0.000975936179289
588 0.00102011815538
589 0.00102137750739
590 0.0010097057317
591 0.00100353791625
592 0.00103649354348
593 0.00102736717025
594 0.00106291284897
595 0.00101094371013
596 0.000966816564424
597 0.00097831954128
598 0.00104254634179
599 0.00110572397721
600 0.00101068855615
601 0.00108452320858
602 0.00113735836049
603 0.00106908225242
604 0.00104682208914
605 0.00112292087681
606 0.00119319200571
607 0.00124704045505
608 0.00131323325011
609 0.00137192587385
610 0.00138002388456
611 0.00143825063247
612 0.00148048040075
613 0.0014591540535
614 0.00151771785804
615 0.0014231147943
616 0.0014316508206
617 0.00149963956635
618 0.001460355183
619 0.00142780785944
620 0.00148228012146
621 0.00153137623615
622 0.0015936749438
623 0.00158518927871
624 0.00164901736631
625 0.00170745921525
626 0.00172458632786
627 0.00171921495643
628 0.00182184143974
629 0.00189468433953
630 0.00193901544815
631 0.00200385537612
632 0.00203997196495
633 0.00198689412833
634 0.00208055871905
635 0.00195780973458
636 0.00179261303117
637 0.0018687040477
638 0.00196008993224
639 0.00202580127321
640 0.00192372388062
641 0.00199989711652
642 0.00206951321077
643 0.00206654097582
644 0.00212992103549
645 0.00220399955781
646 0.0021937760644
647 0.00215623452768
648 0.00212767736769
649 0.00211826474042
650 0.00215005331885
651 0.00227445519824
652 0.00233835729238
653 0.00249583232962
654 0.00255501154236
655 0.00260708008747
656 0.00261189529789
657 0.00261698827882
658 0.002676761904
659 0.00277089882219
660 0.00274761284632
661 0.00288487689785
662 0.00286650732362
663 0.00288795383719
664 0.00296917088058
665 0.00301900262898
666 0.00306142522914
667 0.00295542555985
668 0.00293471778686
669 0.00290469472121
670 0.00288432788824
671 0.00292339949411
672 0.00295433974949
673 0.00297714865439
674 0.00297703223595
675 0.00289399072027
676 0.00285208463493
677 0.00290813475428
678 0.00298042468865
679 0.00298778900698
680 0.00293870103086
681 0.00289353451409
682 0.00289486307684
683 0.00288768975225
684 0.00292065548129
685 0.00305146292802
686 0.00300505545139
687 0.00299527537312
688 0.00298065512249
689 0.00302183454091
690 0.00301344290376
691 0.00296491915299
692 0.00301561713886
693 0.0029413448817
694 0.00295282400273
695 0.00302294457266
696 0.00297080437531
697 0.00296073603433
698 0.00294269968076
699 0.00308296594192
700 0.00306529460508
701 0.00298034751276
702 0.0030829059225
703 0.00308812479777
704 0.0029727198413
705 0.00291323270879
706 0.0027359864466
707 0.00268718618458
708 0.00267853118149
709 0.00271955644445
710 0.00266511870509
711 0.00258037057713
712 0.00261977124277
713 0.00253117513701
714 0.00258844471049
715 0.00264475123357
716 0.00262607351747
717 0.00269480394293
718 0.00276179506877
719 0.00273759177849
720 0.00270571077418
721 0.00266615205582
722 0.00260027619045
723 0.00256210435598
724 0.00251619966693
725 0.00253863340728
726 0.00250823064177
727 0.00246032915108
728 0.00240487660414
729 0.00234187300095
730 0.00227131834151
731 0.00219321262582
732 0.00224676165953
733 0.00216720145935
734 0.002262811533
735 0.00245692113714
736 0.00240026440354
737 0.00233720590692
738 0.00226774564729
739 0.00233408080024
740 0.00227983179636
741 0.00221944272137
742 0.00221041942612
743 0.00220080344247
744 0.00219052689872
745 0.0021795219232
746 0.00216772064423
747 0.00215505519013
748 0.00214145768923
749 0.00212686026985
750 0.0021111950603
751 0.00209439418892
752 0.00207638978401
753 0.00205711397391
754 0.00203649888694
755 0.00201447665141
756 0.00199097939565
757 0.00196593924798
758 0.00193928833673
759 0.00191095879021
760 0.00188088273674
761 0.00184899230465
762 0.00181521962226
763 0.0017794968179
764 0.00174175601987
765 0.00170192935651
766 0.00165994895613
767 0.00161574694707
768 0.00156925545763
769 0.00152040661614
770 0.00146913255093
771 0.00141536539032
772 0.00135903726261
773 0.00130008029615
774 0.00123842661925
775 0.00117400836023
776 0.00110675764741
777 0.00110675764741
778 0.00110675764741
779 0.00110675764741
780 0.00110675764741
781 0.00110675764741
782 0.00110675764741
783 0.00110675764741
784 0.00110675764741
785 0.00110675764741
786 0.00110675764741
787 0.00110675764741
788 0.00110675764741
789 0.00110675764741
790 0.00110675764741
791 0.00110675764741
792 0.00110675764741
793 0.00110675764741
794 0.00110675764741
795 0.00110675764741
796 0.00110675764741
797 0.00110675764741
798 0.00110675764741
799 0.00110675764741
800 0.00110675764741
801 0.00110675764741
802 0.00110675764741
803 0.00110675764741
804 0.00110675764741
805 0.00110675764741
806 0.00110675764741
807 0.00110675764741
808 0.00110675764741
809 0.00110675764741
810 0.00110675764741
811 0.00110675764741
812 0.00110675764741
813 0.00110675764741
814 0.00110675764741
815 0.00110675764741
816 0.00110675764741
817 0.00110675764741
818 0.00110675764741
819 0.00110675764741
820 0.00110675764741
821 0.00110675764741
822 0.00110675764741
823 0.00110675764741
824 0.00110675764741
825 0.00110675764741
826 0.00110675764741
827 0.00110675764741
828 0.00110675764741
829 0.00110675764741
830 0.00110675764741
831 0.00110675764741
832 0.00110675764741
833 0.00110675764741
834 0.00110675764741
835 0.00110675764741
836 0.00110675764741
837 0.00110675764741
838 0.00110675764741
839 0.00110675764741
840 0.00110675764741
841 0.00110675764741
842 0.00110675764741
843 0.00110675764741
844 0.00110675764741
845 0.00110675764741
846 0.00110675764741
847 0.00110675764741
848 0.00110675764741
849 0.00110675764741
850 0.00110675764741
851 0.00110675764741
852 0.00110675764741
853 0.00110675764741
854 0.00110675764741
855 0.00110675764741
856 0.00110675764741
857 0.00110675764741
858 0.00110675764741
859 0.00110675764741
860 0.00110675764741
861 0.00110675764741
862 0.00110675764741
863 0.00110675764741
864 0.00110675764741
865 0.00110675764741
866 0.00110675764741
867 0.00110675764741
868 0.00110675764741
869 0.00110675764741
870 0.00110675764741
871 0.00110675764741
872 0.00110675764741
873 0.00110675764741
874 0.00110675764741
875 0.00110675764741
876 0.00110675764741
877 0.00110675764741
878 0.00110675764741
879 0.00110675764741
880 0.00110675764741
881 0.00110675764741
882 0.00110675764741
883 0.00110675764741
884 0.00110675764741
885 0.00110675764741
886 0.00110675764741
887 0.00110675764741
888 0.00110675764741
889 0.00110675764741
890 0.00110675764741
891 0.00110675764741
892 0.00110675764741
893 0.00110675764741
894 0.00110675764741
895 0.00110675764741
896 0.00110675764741
897 0.00110675764741
898 0.00110675764741
899 0.00110675764741
900 0.00110675764741
901 0.00110675764741
902 0.00110675764741
903 0.00110675764741
904 0.00110675764741
905 0.00110675764741
906 0.00110675764741
907 0.00110675764741
908 0.00110675764741
909 0.00110675764741
910 0.00110675764741
911 0.00110675764741
912 0.00110675764741
913 0.00110675764741
914 0.00110675764741
915 0.00110675764741
916 0.00110675764741
917 0.00110675764741
918 0.00110675764741
919 0.00110675764741
920 0.00110675764741
921 0.00110675764741
922 0.00110675764741
923 0.00110675764741
924 0.00110675764741
925 0.00110675764741
926 0.00110675764741
927 0.00110675764741
928 0.00110675764741
929 0.00110675764741
930 0.00110675764741
931 0.00110675764741
932 0.00110675764741
933 0.00110675764741
934 0.00110675764741
935 0.00110675764741
936 0.00110675764741
937 0.00110675764741
938 0.00110675764741
939 0.00110675764741
940 0.00110675764741
941 0.00110675764741
942 0.00110675764741
943 0.00110675764741
944 0.00110675764741
945 0.00110675764741
946 0.00110675764741
947 0.00110675764741
948 0.00110675764741
949 0.00110675764741
950 0.00110675764741
951 0.00110675764741
952 0.00110675764741
953 0.00110675764741
954 0.00110675764741
955 0.00110675764741
956 0.00110675764741
957 0.00110675764741
958 0.00110675764741
959 0.00110675764741
960 0.00110675764741
961 0.00110675764741
962 0.00110675764741
963 0.00110675764741
964 0.00110675764741
965 0.00110675764741
966 0.00110675764741
967 0.00110675764741
968 0.00110675764741
969 0.00110675764741
970 0.00110675764741
971 0.00110675764741
972 0.00110675764741
973 0.00110675764741
974 0.00110675764741
975 0.00110675764741
976 0.00110675764741
977 0.00110675764741
978 0.00110675764741
979 0.00110675764741
980 0.00110675764741
981 0.00110675764741
982 0.00110675764741
983 0.00110675764741
984 0.00110675764741
985 0.00110675764741
986 0.00110675764741
987 0.00110675764741
988 0.00110675764741
989 0.00110675764741
990 0.00110675764741
991 0.00110675764741
992 0.00110675764741
993 0.00110675764741
994 0.00110675764741
995 0.00110675764741
996 0.00110675764741
997 0.00110675764741
998 0.00110675764741
999 0.00110675764741
1000 0.00110675764741
1001 0.00110675764741
1002 0.00110675764741
1003 0.00110675764741
1004 0.00110675764741
1005 0.00110675764741
1006 0.00110675764741
1007 0.00110675764741
1008 0.00110675764741
1009 0.00110675764741
1010 0.00110675764741
1011 0.00110675764741
1012 0.00110675764741
1013 0.00110675764741
1014 0.00110675764741
1015 0.00110675764741
1016 0.00110675764741
1017 0.00110675764741
1018 0.00110675764741
1019 0.00110675764741
1020 0.00110675764741
1021 0.00110675764741
1022 0.00110675764741
1023 0.00110675764741
1024 0.00110675764741
1025 0.00110675764741
1026 0.00110675764741
1027 0.00110675764741
1028 0.00110675764741
1029 0.00110675764741
1030 0.00110675764741
1031 0.00110675764741
1032 0.00110675764741
1033 0.00110675764741
1034 0.00110675764741
1035 0.00110675764741
1036 0.00110675764741
1037 0.00110675764741
1038 0.00110675764741
1039 0.00110675764741
1040 0.00110675764741
1041 0.00110675764741
1042 0.00110675764741
1043 0.00110675764741
1044 0.00110675764741
1045 0.00110675764741
1046 0.00110675764741
1047 0.00110675764741
1048 0.00110675764741
1049 0.00110675764741
1050 0.00110675764741
1051 0.00110675764741
1052 0.00110675764741
1053 0.00110675764741
1054 0.00110675764741
1055 0.00110675764741
1056 0.00110675764741
1057 0.00110675764741
1058 0.00110675764741
1059 0.00110675764741
1060 0.00110675764741
1061 0.00110675764741
1062 0.00110675764741
1063 0.00110675764741
1064 0.00110675764741
1065 0.00110675764741
1066 0.00110675764741
1067 0.00110675764741
1068 0.00110675764741
1069 0.00110675764741
1070 0.00110675764741
1071 0.00110675764741
1072 0.00110675764741
1073 0.00110675764741
1074 0.00110675764741
1075 0.00110675764741
1076 0.00110675764741
1077 0.00110675764741
1078 0.00110675764741
1079 0.00110675764741
1080 0.00110675764741
1081 0.00110675764741
1082 0.00110675764741
1083 0.00110675764741
1084 0.00110675764741
1085 0.00110675764741
1086 0.00110675764741
1087 0.00110675764741
1088 0.00110675764741
1089 0.00110675764741
1090 0.00110675764741
1091 0.00110675764741
1092 0.00110675764741
1093 0.00110675764741
1094 0.00110675764741
1095 0.00110675764741
1096 0.00110675764741
1097 0.00110675764741
1098 0.00110675764741
1099 0.00110675764741
1100 0.00110675764741
1101 0.00110675764741
1102 0.00110675764741
1103 0.00110675764741
1104 0.00110675764741
1105 0.00110675764741
1106 0.00110675764741
1107 0.00110675764741
1108 0.00110675764741
1109 0.00110675764741
1110 0.00110675764741
1111 0.00110675764741
1112 0.00110675764741
1113 0.00110675764741
1114 0.00110675764741
1115 0.00110675764741
1116 0.00110675764741
1117 0.00110675764741
1118 0.00110675764741
1119 0.00110675764741
1120 0.00110675764741
1121 0.00110675764741
1122 0.00110675764741
1123 0.00110675764741
1124 0.00110675764741
1125 0.00110675764741
1126 0.00110675764741
1127 0.00110675764741
1128 0.00110675764741
1129 0.00110675764741
1130 0.00110675764741
1131 0.00110675764741
1132 0.00110675764741
1133 0.00110675764741
1134 0.00110675764741
1135 0.00110675764741
1136 0.00110675764741
1137 0.00110675764741
1138 0.00110675764741
1139 0.00110675764741
1140 0.00110675764741
1141 0.00110675764741
1142 0.00110675764741
1143 0.00110675764741
1144 0.00110675764741
1145 0.00110675764741
1146 0.00110675764741
1147 0.00110675764741
1148 0.00110675764741
1149 0.00110675764741
1150 0.00110675764741
1151 0.00110675764741
1152 0.00110675764741
1153 0.00110675764741
1154 0.00110675764741
1155 0.00110675764741
1156 0.00110675764741
1157 0.00110675764741
1158 0.00110675764741
1159 0.00110675764741
1160 0.00110675764741
1161 0.00110675764741
1162 0.00110675764741
1163 0.00110675764741
1164 0.00110675764741
1165 0.00110675764741
1166 0.00110675764741
1167 0.00110675764741
1168 0.00110675764741
1169 0.00110675764741
1170 0.00110675764741
1171 0.00110675764741
1172 0.00110675764741
1173 0.00110675764741
1174 0.00110675764741
1175 0.00110675764741
1176 0.00110675764741
1177 0.00110675764741
1178 0.00110675764741
1179 0.00110675764741
1180 0.00110675764741
1181 0.00110675764741
1182 0.00110675764741
1183 0.00110675764741
1184 0.00110675764741
1185 0.00110675764741
1186 0.00110675764741
1187 0.00110675764741
1188 0.00110675764741
1189 0.00110675764741
1190 0.00110675764741
1191 0.00110675764741
1192 0.00110675764741
1193 0.00110675764741
1194 0.00110675764741
1195 0.00110675764741
1196 0.00110675764741
1197 0.00110675764741
1198 0.00110675764741
1199 0.00110675764741
1200 0.00110675764741
1201 0.00110675764741
1202 0.00110675764741
1203 0.00110675764741
1204 0.00110675764741
1205 0.00110675764741
1206 0.00110675764741
1207 0.00110675764741
1208 0.00110675764741
1209 0.00110675764741
1210 0.00110675764741
1211 0.00110675764741
1212 0.00110675764741
1213 0.00110675764741
1214 0.00110675764741
1215 0.00110675764741
1216 0.00110675764741
1217 0.00110675764741
1218 0.00110675764741
1219 0.00110675764741
1220 0.00110675764741
1221 0.00110675764741
1222 0.00110675764741
1223 0.00110675764741
1224 0.00110675764741
1225 0.00110675764741
1226 0.00110675764741
1227 0.00110675764741
1228 0.00110675764741
1229 0.00110675764741
1230 0.00110675764741
1231 0.00110675764741
1232 0.00110675764741
1233 0.00110675764741
1234 0.00110675764741
1235 0.00110675764741
1236 0.00110675764741
1237 0.00110675764741
1238 0.00110675764741
1239 0.00110675764741
1240 0.00110675764741
1241 0.00110675764741
1242 0.00110675764741
1243 0.00110675764741
1244 0.00110675764741
1245 0.00110675764741
1246 0.00110675764741
1247 0.00110675764741
1248 0.00110675764741
1249 0.00110675764741
1250 0.00110675764741
1251 0.00110675764741
1252 0.00110675764741
1253 0.00110675764741
1254 0.00110675764741
1255 0.00110675764741
1256 0.00110675764741
1257 0.00110675764741
1258 0.00110675764741
1259 0.00110675764741
1260 0.00110675764741
1261 0.00110675764741
1262 0.00110675764741
1263 0.00110675764741
1264 0.00110675764741
1265 0.00110675764741
1266 0.00110675764741
1267 0.00110675764741
1268 0.00110675764741
1269 0.00110675764741
1270 0.00110675764741
1271 0.00110675764741
1272 0.00110675764741
1273 0.00110675764741
1274 0.00110675764741
1275 0.00110675764741
1276 0.00110675764741
1277 0.00110675764741
1278 0.00110675764741
1279 0.00110675764741
1280 0.00110675764741
1281 0.00110675764741
1282 0.00110675764741
1283 0.00110675764741
1284 0.00110675764741
1285 0.00110675764741
1286 0.00110675764741
1287 0.00110675764741
1288 0.00110675764741
1289 0.00110675764741
1290 0.00110675764741
1291 0.00110675764741
1292 0.00110675764741
1293 0.00110675764741
1294 0.00110675764741
1295 0.00110675764741
1296 0.00110675764741
1297 0.00110675764741
1298 0.00110675764741
1299 0.00110675764741
1300 0.00110675764741
1301 0.00110675764741
1302 0.00110675764741
1303 0.00110675764741
1304 0.00110675764741
1305 0.00110675764741
1306 0.00110675764741
1307 0.00110675764741
1308 0.00110675764741
1309 0.00110675764741
1310 0.00110675764741
1311 0.00110675764741
1312 0.00110675764741
1313 0.00110675764741
1314 0.00110675764741
1315 0.00110675764741
1316 0.00110675764741
1317 0.00110675764741
1318 0.00110675764741
1319 0.00110675764741
1320 0.00110675764741
1321 0.00110675764741
1322 0.00110675764741
1323 0.00110675764741
1324 0.00110675764741
1325 0.00110675764741
1326 0.00110675764741
1327 0.00110675764741
1328 0.00110675764741
1329 0.00110675764741
1330 0.00110675764741
1331 0.00110675764741
1332 0.00110675764741
1333 0.00110675764741
1334 0.00110675764741
1335 0.00110675764741
1336 0.00110675764741
1337 0.00110675764741
1338 0.00110675764741
1339 0.00110675764741
1340 0.00110675764741
1341 0.00110675764741
1342 0.00110675764741
1343 0.00110675764741
1344 0.00110675764741
1345 0.00110675764741
1346 0.00110675764741
1347 0.00110675764741
1348 0.00110675764741
1349 0.00110675764741
1350 0.00110675764741
1351 0.00110675764741
1352 0.00110675764741
1353 0.00110675764741
1354 0.00110675764741
1355 0.00110675764741
1356 0.00110675764741
1357 0.00110675764741
1358 0.00110675764741
1359 0.00110675764741
1360 0.00110675764741
1361 0.00110675764741
1362 0.00110675764741
1363 0.00110675764741
1364 0.00110675764741
1365 0.00110675764741
1366 0.00110675764741
1367 0.00110675764741
1368 0.00110675764741
1369 0.00110675764741
1370 0.00110675764741
1371 0.00110675764741
1372 0.00110675764741
1373 0.00110675764741
1374 0.00110675764741
1375 0.00110675764741
1376 0.00110675764741
1377 0.00110675764741
1378 0.00110675764741
1379 0.00110675764741
1380 0.00110675764741
1381 0.00110675764741
1382 0.00110675764741
1383 0.00110675764741
1384 0.00110675764741
1385 0.00110675764741
1386 0.00110675764741
1387 0.00110675764741
1388 0.00110675764741
1389 0.00110675764741
1390 0.00110675764741
1391 0.00110675764741
1392 0.00110675764741
1393 0.00110675764741
1394 0.00110675764741
1395 0.00110675764741
1396 0.00110675764741
1397 0.00110675764741
1398 0.00110675764741
1399 0.00110675764741
1400 0.00110675764741
1401 0.00110675764741
1402 0.00110675764741
1403 0.00110675764741
1404 0.00110675764741
1405 0.00110675764741
1406 0.00110675764741
1407 0.00110675764741
1408 0.00110675764741
1409 0.00110675764741
1410 0.00110675764741
1411 0.00110675764741
1412 0.00110675764741
1413 0.00110675764741
1414 0.00110675764741
1415 0.00110675764741
1416 0.00110675764741
1417 0.00110675764741
1418 0.00110675764741
1419 0.00110675764741
1420 0.00110675764741
1421 0.00110675764741
1422 0.00110675764741
1423 0.00110675764741
1424 0.00110675764741
1425 0.00110675764741
1426 0.00110675764741
1427 0.00110675764741
1428 0.00110675764741
1429 0.00110675764741
1430 0.00110675764741
1431 0.00110675764741
1432 0.00110675764741
1433 0.00110675764741
1434 0.00110675764741
1435 0.00110675764741
1436 0.00110675764741
1437 0.00110675764741
1438 0.00110675764741
1439 0.00110675764741
1440 0.00110675764741
1441 0.00110675764741
1442 0.00110675764741
1443 0.00110675764741
1444 0.00110675764741
1445 0.00110675764741
1446 0.00110675764741
1447 0.00110675764741
1448 0.00110675764741
1449 0.00110675764741
1450 0.00110675764741
1451 0.00110675764741
1452 0.00110675764741
1453 0.00110675764741
1454 0.00110675764741
1455 0.00110675764741
1456 0.00110675764741
1457 0.00110675764741
1458 0.00110675764741
1459 0.00110675764741
1460 0.00110675764741
1461 0.00110675764741
1462 0.00110675764741
1463 0.00110675764741
1464 0.00110675764741
1465 0.00110675764741
1466 0.00110675764741
1467 0.00110675764741
1468 0.00110675764741
1469 0.00110675764741
1470 0.00110675764741
1471 0.00110675764741
1472 0.00110675764741
1473 0.00110675764741
1474 0.00110675764741
1475 0.00110675764741
1476 0.00110675764741
1477 0.00110675764741
1478 0.00110675764741
1479 0.00110675764741
1480 0.00110675764741
1481 0.00110675764741
1482 0.00110675764741
1483 0.00110675764741
1484 0.00110675764741
1485 0.00110675764741
1486 0.00110675764741
1487 0.00110675764741
1488 0.00110675764741
1489 0.00110675764741
1490 0.00110675764741
1491 0.00110675764741
1492 0.00110675764741
1493 0.00110675764741
1494 0.00110675764741
1495 0.00110675764741
1496 0.00110675764741
1497 0.00110675764741
1498 0.00110675764741
1499 0.00110675764741
1500 0.00110675764741
1501 0.00110675764741
1502 0.00110675764741
1503 0.00110675764741
1504 0.00110675764741
1505 0.00110675764741
1506 0.00110675764741
1507 0.00110675764741
1508 0.00110675764741
1509 0.00110675764741
1510 0.00110675764741
1511 0.00110675764741
1512 0.00110675764741
1513 0.00110675764741
1514 0.00110675764741
1515 0.00110675764741
1516 0.00110675764741
1517 0.00110675764741
1518 0.00110675764741
1519 0.00110675764741
1520 0.00110675764741
1521 0.00110675764741
1522 0.00110675764741
1523 0.00110675764741
1524 0.00110675764741
1525 0.00110675764741
1526 0.00110675764741
1527 0.00110675764741
1528 0.00110675764741
1529 0.00110675764741
1530 0.00110675764741
1531 0.00110675764741
1532 0.00110675764741
1533 0.00110675764741
1534 0.00110675764741
1535 0.00110675764741
1536 0.00110675764741
1537 0.00110675764741
1538 0.00110675764741
1539 0.00110675764741
1540 0.00110675764741
1541 0.00110675764741
1542 0.00110675764741
1543 0.00110675764741
1544 0.00110675764741
1545 0.00110675764741
1546 0.00110675764741
1547 0.00110675764741
1548 0.00110675764741
1549 0.00110675764741
1550 0.00110675764741
1551 0.00110675764741
1552 0.00110675764741
1553 0.00110675764741
1554 0.00110675764741
1555 0.00110675764741
1556 0.00110675764741
1557 0.00110675764741
1558 0.00110675764741
1559 0.00110675764741
1560 0.00110675764741
1561 0.00110675764741
1562 0.00110675764741
1563 0.00110675764741
1564 0.00110675764741
1565 0.00110675764741
1566 0.00110675764741
1567 0.00110675764741
1568 0.00110675764741
1569 0.00110675764741
1570 0.00110675764741
1571 0.00110675764741
1572 0.00110675764741
1573 0.00110675764741
1574 0.00110675764741
1575 0.00110675764741
1576 0.00110675764741
1577 0.00110675764741
1578 0.00110675764741
1579 0.00110675764741
1580 0.00110675764741
1581 0.00110675764741
1582 0.00110675764741
1583 0.00110675764741
1584 0.00110675764741
1585 0.00110675764741
1586 0.00110675764741
1587 0.00110675764741
1588 0.00110675764741
1589 0.00110675764741
1590 0.00110675764741
1591 0.00110675764741
1592 0.00110675764741
1593 0.00110675764741
1594 0.00110675764741
1595 0.00110675764741
1596 0.00110675764741
1597 0.00110675764741
1598 0.00110675764741
1599 0.00110675764741
1600 0.00110675764741
1601 0.00110675764741
1602 0.00110675764741
1603 0.00110675764741
1604 0.00110675764741
1605 0.00110675764741
1606 0.00110675764741
1607 0.00110675764741
1608 0.00110675764741
1609 0.00110675764741
1610 0.00110675764741
1611 0.00110675764741
1612 0.00110675764741
1613 0.00110675764741
1614 0.00110675764741
1615 0.00110675764741
1616 0.00110675764741
1617 0.00110675764741
1618 0.00110675764741
1619 0.00110675764741
1620 0.00110675764741
1621 0.00110675764741
1622 0.00110675764741
1623 0.00110675764741
1624 0.00110675764741
1625 0.00110675764741
1626 0.00110675764741
1627 0.00110675764741
1628 0.00110675764741
1629 0.00110675764741
1630 0.00110675764741
1631 0.00110675764741
1632 0.00110675764741
1633 0.00110675764741
1634 0.00110675764741
1635 0.00110675764741
1636 0.00110675764741
1637 0.00110675764741
1638 0.00110675764741
1639 0.00110675764741
1640 0.00110675764741
1641 0.00110675764741
1642 0.00110675764741
1643 0.00110675764741
1644 0.00110675764741
1645 0.00110675764741
1646 0.00110675764741
1647 0.00110675764741
1648 0.00110675764741
1649 0.00110675764741
1650 0.00110675764741
1651 0.00110675764741
1652 0.00110675764741
1653 0.00110675764741
1654 0.00110675764741
1655 0.00110675764741
1656 0.00110675764741
1657 0.00110675764741
1658 0.00110675764741
1659 0.00110675764741
1660 0.00110675764741
1661 0.00110675764741
1662 0.00110675764741
1663 0.00110675764741
1664 0.00110675764741
1665 0.00110675764741
1666 0.00110675764741
1667 0.00110675764741
1668 0.00110675764741
1669 0.00110675764741
1670 0.00110675764741
1671 0.00110675764741
1672 0.00110675764741
1673 0.00110675764741
1674 0.00110675764741
1675 0.00110675764741
1676 0.00110675764741
1677 0.00110675764741
1678 0.00110675764741
1679 0.00110675764741
1680 0.00110675764741
1681 0.00110675764741
1682 0.00110675764741
1683 0.00110675764741
1684 0.00110675764741
1685 0.00110675764741
1686 0.00110675764741
1687 0.00110675764741
1688 0.00110675764741
1689 0.00110675764741
1690 0.00110675764741
1691 0.00110675764741
1692 0.00110675764741
1693 0.00110675764741
1694 0.00110675764741
1695 0.00110675764741
1696 0.00110675764741
1697 0.00110675764741
1698 0.00110675764741
1699 0.00110675764741
1700 0.00110675764741
1701 0.00110675764741
1702 0.00110675764741
1703 0.00110675764741
1704 0.00110675764741
1705 0.00110675764741
1706 0.00110675764741
1707 0.00110675764741
1708 0.00110675764741
1709 0.00110675764741
1710 0.00110675764741
1711 0.00110675764741
1712 0.00110675764741
1713 0.00110675764741
1714 0.00110675764741
1715 0.00110675764741
1716 0.00110675764741
1717 0.00110675764741
1718 0.00110675764741
1719 0.00110675764741
1720 0.00110675764741
1721 0.00110675764741
1722 0.00110675764741
1723 0.00110675764741
1724 0.00110675764741
1725 0.00110675764741
1726 0.00110675764741
1727 0.00110675764741
1728 0.00110675764741
1729 0.00110675764741
1730 0.00110675764741
1731 0.00110675764741
1732 0.00110675764741
1733 0.00110675764741
1734 0.00110675764741
1735 0.00110675764741
1736 0.00110675764741
1737 0.00110675764741
1738 0.00110675764741
1739 0.00110675764741
1740 0.00110675764741
1741 0.00110675764741
1742 0.00110675764741
1743 0.00110675764741
1744 0.00110675764741
1745 0.00110675764741
1746 0.00110675764741
1747 0.00110675764741
1748 0.00110675764741
1749 0.00110675764741
1750 0.00110675764741
1751 0.00110675764741
1752 0.00110675764741
1753 0.00110675764741
1754 0.00110675764741
1755 0.00110675764741
1756 0.00110675764741
1757 0.00110675764741
1758 0.00110675764741
1759 0.00110675764741
1760 0.00110675764741
1761 0.00110675764741
1762 0.00110675764741
1763 0.00110675764741
1764 0.00110675764741
1765 0.00110675764741
1766 0.00110675764741
1767 0.00110675764741
1768 0.00110675764741
1769 0.00110675764741
1770 0.00110675764741
1771 0.00110675764741
1772 0.00110675764741
1773 0.00110675764741
1774 0.00110675764741
1775 0.00110675764741
1776 0.00110675764741
1777 0.00110675764741
1778 0.00110675764741
1779 0.00110675764741
1780 0.00110675764741
1781 0.00110675764741
1782 0.00110675764741
1783 0.00110675764741
1784 0.00110675764741
1785 0.00110675764741
1786 0.00110675764741
1787 0.00110675764741
1788 0.00110675764741
1789 0.00110675764741
1790 0.00110675764741
1791 0.00110675764741
1792 0.00110675764741
1793 0.00110675764741
1794 0.00110675764741
1795 0.00110675764741
1796 0.00110675764741
1797 0.00110675764741
1798 0.00110675764741
1799 0.00110675764741
1800 0.00110675764741
1801 0.00110675764741
1802 0.00110675764741
1803 0.00110675764741
1804 0.00110675764741
1805 0.00110675764741
1806 0.00110675764741
1807 0.00110675764741
1808 0.00110675764741
1809 0.00110675764741
1810 0.00110675764741
1811 0.00110675764741
1812 0.00110675764741
1813 0.00110675764741
1814 0.00110675764741
1815 0.00110675764741
1816 0.00110675764741
1817 0.00110675764741
1818 0.00110675764741
1819 0.00110675764741
1820 0.00110675764741
1821 0.00110675764741
1822 0.00110675764741
1823 0.00110675764741
1824 0.00110675764741
1825 0.00110675764741
1826 0.00110675764741
1827 0.00110675764741
1828 0.00110675764741
1829 0.00110675764741
1830 0.00110675764741
1831 0.00110675764741
1832 0.00110675764741
1833 0.00110675764741
1834 0.00110675764741
1835 0.00110675764741
1836 0.00110675764741
1837 0.00110675764741
1838 0.00110675764741
1839 0.00110675764741
1840 0.00110675764741
1841 0.00110675764741
1842 0.00110675764741
1843 0.00110675764741
1844 0.00110675764741
1845 0.00110675764741
1846 0.00110675764741
1847 0.00110675764741
1848 0.00110675764741
1849 0.00110675764741
1850 0.00110675764741
1851 0.00110675764741
1852 0.00110675764741
1853 0.00110675764741
1854 0.00110675764741
1855 0.00110675764741
1856 0.00110675764741
1857 0.00110675764741
1858 0.00110675764741
1859 0.00110675764741
1860 0.00110675764741
1861 0.00110675764741
1862 0.00110675764741
1863 0.00110675764741
1864 0.00110675764741
1865 0.00110675764741
1866 0.00110675764741
1867 0.00110675764741
1868 0.00110675764741
1869 0.00110675764741
1870 0.00110675764741
1871 0.00110675764741
1872 0.00110675764741
1873 0.00110675764741
1874 0.00110675764741
1875 0.00110675764741
1876 0.00110675764741
1877 0.00110675764741
1878 0.00110675764741
1879 0.00110675764741
1880 0.00110675764741
1881 0.00110675764741
1882 0.00110675764741
1883 0.00110675764741
1884 0.00110675764741
1885 0.00110675764741
1886 0.00110675764741
1887 0.00110675764741
1888 0.00110675764741
1889 0.00110675764741
1890 0.00110675764741
1891 0.00110675764741
1892 0.00110675764741
1893 0.00110675764741
1894 0.00110675764741
1895 0.00110675764741
1896 0.00110675764741
1897 0.00110675764741
1898 0.00110675764741
1899 0.00110675764741
1900 0.00110675764741
1901 0.00110675764741
1902 0.00110675764741
1903 0.00110675764741
1904 0.00110675764741
1905 0.00110675764741
1906 0.00110675764741
1907 0.00110675764741
1908 0.00110675764741
1909 0.00110675764741
1910 0.00110675764741
1911 0.00110675764741
1912 0.00110675764741
1913 0.00110675764741
1914 0.00110675764741
1915 0.00110675764741
1916 0.00110675764741
1917 0.00110675764741
1918 0.00110675764741
1919 0.00110675764741
1920 0.00110675764741
1921 0.00110675764741
1922 0.00110675764741
1923 0.00110675764741
1924 0.00110675764741
1925 0.00110675764741
1926 0.00110675764741
1927 0.00110675764741
1928 0.00110675764741
1929 0.00110675764741
1930 0.00110675764741
1931 0.00110675764741
1932 0.00110675764741
1933 0.00110675764741
1934 0.00110675764741
1935 0.00110675764741
1936 0.00110675764741
1937 0.00110675764741
1938 0.00110675764741
1939 0.00110675764741
1940 0.00110675764741
1941 0.00110675764741
1942 0.00110675764741
1943 0.00110675764741
1944 0.00110675764741
1945 0.00110675764741
1946 0.00110675764741
1947 0.00110675764741
1948 0.00110675764741
1949 0.00110675764741
1950 0.00110675764741
1951 0.00110675764741
1952 0.00110675764741
1953 0.00110675764741
1954 0.00110675764741
1955 0.00110675764741
1956 0.00110675764741
1957 0.00110675764741
1958 0.00110675764741
1959 0.00110675764741
1960 0.00110675764741
1961 0.00110675764741
1962 0.00110675764741
1963 0.00110675764741
1964 0.00110675764741
1965 0.00110675764741
1966 0.00110675764741
1967 0.00110675764741
1968 0.00110675764741
1969 0.00110675764741
1970 0.00110675764741
1971 0.00110675764741
1972 0.00110675764741
1973 0.00110675764741
1974 0.00110675764741
1975 0.00110675764741
1976 0.00110675764741
1977 0.00110675764741
1978 0.00110675764741
1979 0.00110675764741
1980 0.00110675764741
1981 0.00110675764741
1982 0.00110675764741
1983 0.00110675764741
1984 0.00110675764741
1985 0.00110675764741
1986 0.00110675764741
1987 0.00110675764741
1988 0.00110675764741
1989 0.00110675764741
1990 0.00110675764741
1991 0.00110675764741
1992 0.00110675764741
1993 0.00110675764741
1994 0.00110675764741
1995 0.00110675764741
1996 0.00110675764741
1997 0.00110675764741
1998 0.00110675764741
1999 0.00110675764741
2000 0.00110675764741
2001 0.00110675764741
2002 0.00110675764741
2003 0.00110675764741
2004 0.00110675764741
2005 0.00110675764741
2006 0.00110675764741
2007 0.00110675764741
2008 0.00110675764741
2009 0.00110675764741
2010 0.00110675764741
2011 0.00110675764741
2012 0.00110675764741
2013 0.00110675764741
2014 0.00110675764741
2015 0.00110675764741
2016 0.00110675764741
2017 0.00110675764741
2018 0.00110675764741
2019 0.00110675764741
2020 0.00110675764741
2021 0.00110675764741
2022 0.00110675764741
2023 0.00110675764741
2024 0.00110675764741
2025 0.00110675764741
2026 0.00110675764741
2027 0.00110675764741
2028 0.00110675764741
2029 0.00110675764741
2030 0.00110675764741
2031 0.00110675764741
2032 0.00110675764741
2033 0.00110675764741
2034 0.00110675764741
2035 0.00110675764741
2036 0.00110675764741
2037 0.00110675764741
2038 0.00110675764741
2039 0.00110675764741
2040 0.00110675764741
2041 0.00110675764741
2042 0.00110675764741
2043 0.00110675764741
2044 0.00110675764741
2045 0.00110675764741
2046 0.00110675764741
2047 0.00110675764741
2048 0.00110675764741
2049 0.00110675764741
2050 0.00110675764741
2051 0.00110675764741
2052 0.00110675764741
2053 0.00110675764741
2054 0.00110675764741
2055 0.00110675764741
2056 0.00110675764741
2057 0.00110675764741
2058 0.00110675764741
2059 0.00110675764741
2060 0.00110675764741
2061 0.00110675764741
2062 0.00110675764741
2063 0.00110675764741
2064 0.00110675764741
2065 0.00110675764741
2066 0.00110675764741
2067 0.00110675764741
2068 0.00110675764741
2069 0.00110675764741
2070 0.00110675764741
2071 0.00110675764741
2072 0.00110675764741
2073 0.00110675764741
2074 0.00110675764741
2075 0.00110675764741
2076 0.00110675764741
2077 0.00110675764741
2078 0.00110675764741
2079 0.00110675764741
2080 0.00110675764741
2081 0.00110675764741
2082 0.00110675764741
2083 0.00110675764741
2084 0.00110675764741
2085 0.00110675764741
2086 0.00110675764741
2087 0.00110675764741
2088 0.00110675764741
2089 0.00110675764741
2090 0.00110675764741
2091 0.00110675764741
2092 0.00110675764741
2093 0.00110675764741
2094 0.00110675764741
2095 0.00110675764741
2096 0.00110675764741
2097 0.00110675764741
2098 0.00110675764741
2099 0.00110675764741
2100 0.00110675764741
2101 0.00110675764741
2102 0.00110675764741
2103 0.00110675764741
2104 0.00110675764741
2105 0.00110675764741
2106 0.00110675764741
2107 0.00110675764741
2108 0.00110675764741
2109 0.00110675764741
2110 0.00110675764741
2111 0.00110675764741
2112 0.00110675764741
2113 0.00110675764741
2114 0.00110675764741
2115 0.00110675764741
2116 0.00110675764741
2117 0.00110675764741
2118 0.00110675764741
2119 0.00110675764741
2120 0.00110675764741
2121 0.00110675764741
2122 0.00110675764741
2123 0.00110675764741
2124 0.00110675764741
2125 0.00110675764741
2126 0.00110675764741
2127 0.00110675764741
2128 0.00110675764741
2129 0.00110675764741
2130 0.00110675764741
2131 0.00110675764741
2132 0.00110675764741
2133 0.00110675764741
2134 0.00110675764741
2135 0.00110675764741
2136 0.00110675764741
2137 0.00110675764741
2138 0.00110675764741
2139 0.00110675764741
2140 0.00110675764741
2141 0.00110675764741
2142 0.00110675764741
2143 0.00110675764741
2144 0.00110675764741
2145 0.00110675764741
2146 0.00110675764741
2147 0.00110675764741
2148 0.00110675764741
2149 0.00110675764741
2150 0.00110675764741
2151 0.00110675764741
2152 0.00110675764741
2153 0.00110675764741
2154 0.00110675764741
2155 0.00110675764741
2156 0.00110675764741
2157 0.00110675764741
2158 0.00110675764741
2159 0.00110675764741
2160 0.00110675764741
2161 0.00110675764741
2162 0.00110675764741
2163 0.00110675764741
2164 0.00110675764741
2165 0.00110675764741
2166 0.00110675764741
2167 0.00110675764741
2168 0.00110675764741
2169 0.00110675764741
2170 0.00110675764741
2171 0.00110675764741
2172 0.00110675764741
2173 0.00110675764741
2174 0.00110675764741
2175 0.00110675764741
2176 0.00110675764741
2177 0.00110675764741
2178 0.00110675764741
2179 0.00110675764741
2180 0.00110675764741
2181 0.00110675764741
2182 0.00110675764741
2183 0.00110675764741
2184 0.00110675764741
2185 0.00110675764741
2186 0.00110675764741
2187 0.00110675764741
2188 0.00110675764741
2189 0.00110675764741
2190 0.00110675764741
2191 0.00110675764741
2192 0.00110675764741
2193 0.00110675764741
2194 0.00110675764741
2195 0.00110675764741
2196 0.00110675764741
2197 0.00110675764741
2198 0.00110675764741
2199 0.00110675764741
2200 0.00110675764741
2201 0.00110675764741
2202 0.00110675764741
2203 0.00110675764741
2204 0.00110675764741
2205 0.00110675764741
2206 0.00110675764741
2207 0.00110675764741
2208 0.00110675764741
2209 0.00110675764741
2210 0.00110675764741
2211 0.00110675764741
2212 0.00110675764741
2213 0.00110675764741
2214 0.00110675764741
2215 0.00110675764741
2216 0.00110675764741
2217 0.00110675764741
2218 0.00110675764741
2219 0.00110675764741
2220 0.00110675764741
2221 0.00110675764741
2222 0.00110675764741
2223 0.00110675764741
2224 0.00110675764741
2225 0.00110675764741
2226 0.00110675764741
2227 0.00110675764741
2228 0.00110675764741
2229 0.00110675764741
2230 0.00110675764741
2231 0.00110675764741
2232 0.00110675764741
2233 0.00110675764741
2234 0.00110675764741
2235 0.00110675764741
2236 0.00110675764741
2237 0.00110675764741
2238 0.00110675764741
2239 0.00110675764741
2240 0.00110675764741
2241 0.00110675764741
2242 0.00110675764741
2243 0.00110675764741
2244 0.00110675764741
2245 0.00110675764741
2246 0.00110675764741
2247 0.00110675764741
2248 0.00110675764741
2249 0.00110675764741
2250 0.00110675764741
